time,C1C_1,L1C_1,D1C_1,S1C_1,C1C_2,L1C_2,D1C_2,S1C_2,C1C_3,L1C_3,D1C_3,S1C_3,C1C_4,L1C_4,D1C_4,S1C_4
2019-02-02 15:30:00,21667316.306,113862502.6,-1112.414,50.219,24802291.136,130336916.51,3443.852,37.25,20730919.695,108941727.709,1627.818,50.312,20531962.068,107896183.323,-1323.786,51.031
2019-02-02 15:30:01,21667528.055,113863615.22,-1112.894,50.281,24801635.912,130333472.676,3443.85,37.062,20730610.012,108940100.097,1627.361,50.406,20532214.016,107897507.254,-1324.135,51.0
2019-02-02 15:30:02,21667739.939,113864728.402,-1113.499,50.281,24800980.749,130330028.838,3443.792,37.188,20730300.425,108938473.06,1626.754,50.406,20532466.037,107898831.646,-1324.614,51.125
2019-02-02 15:30:03,21667951.853,113865842.152,-1114.027,50.156,24800325.355,130326585.001,3443.794,37.219,20729990.884,108936846.579,1626.233,50.281,20532718.133,107900156.488,-1325.008,51.094
2019-02-02 15:30:04,21668163.876,113866956.389,-1114.481,50.219,24799669.949,130323141.078,3443.806,37.094,20729681.501,108935220.595,1625.704,50.406,20532970.291,107901481.707,-1325.377,50.938
2019-02-02 15:30:05,21668375.965,113868071.109,-1114.931,50.156,24799014.884,130319697.049,3444.095,37.156,20729372.2,108933595.09,1625.302,50.312,20533222.498,107902807.3,-1325.755,51.0
2019-02-02 15:30:06,21668588.187,113869186.286,-1115.472,50.156,24798359.764,130316252.868,3444.182,37.281,20729063.018,108931970.038,1624.747,50.281,20533474.856,107904133.227,-1326.167,50.906
2019-02-02 15:30:07,21668800.442,113870302.002,-1115.937,50.062,24797704.331,130312808.672,3444.373,36.969,20728753.911,108930345.536,1624.24,50.219,20533727.268,107905459.589,-1326.563,50.906
2019-02-02 15:30:08,21669012.823,113871418.209,-1116.388,50.125,24797048.98,130309364.401,3444.53,36.969,20728444.847,108928721.532,1623.84,50.219,20533979.734,107906786.335,-1326.874,50.719
2019-02-02 15:30:09,21669225.37,113872534.846,-1116.886,50.125,24796393.437,130305919.977,3444.436,37.031,20728135.839,108927097.963,1623.32,50.188,20534232.284,107908113.41,-1327.268,50.719
2019-02-02 15:30:10,21669437.969,113873651.978,-1117.42,50.062,24795737.862,130302475.458,3444.527,36.75,20727826.994,108925474.891,1622.817,50.094,20534484.916,107909440.86,-1327.674,50.812
2019-02-02 15:30:11,21669650.677,113874769.631,-1117.986,50.062,24795082.161,130299030.887,3444.689,36.75,20727518.276,108923852.354,1622.25,50.125,20534737.568,107910768.741,-1328.145,50.75
2019-02-02 15:30:12,21669863.482,113875887.829,-1118.444,50.031,24794426.605,130295586.297,3444.493,36.812,20727209.604,108922230.368,1621.721,50.125,20534990.324,107912097.058,-1328.541,50.781
2019-02-02 15:30:13,21670076.397,113877006.545,-1118.96,50.156,24793771.423,130292141.643,3444.641,36.969,20726901.083,108920608.906,1621.213,50.188,20535243.194,107913425.78,-1328.879,50.75
2019-02-02 15:30:14,21670289.348,113878125.745,-1119.397,50.0,24793115.679,130288696.877,3444.912,37.031,20726592.637,108918987.938,1620.711,50.094,20535496.17,107914754.885,-1329.3,50.844
2019-02-02 15:30:15,21670502.341,113879245.375,-1119.841,50.031,24792460.214,130285251.997,3444.995,37.031,20726284.264,108917367.399,1620.312,50.125,20535749.158,107916084.317,-1329.55,50.75
2019-02-02 15:30:16,21670715.407,113880365.47,-1120.46,50.031,24791804.664,130281806.98,3444.877,36.969,20725975.968,108915747.326,1619.775,50.062,20536002.194,107917414.108,-1329.992,50.75
2019-02-02 15:30:17,21670928.666,113881486.1,-1120.891,50.031,24791149.089,130278361.935,3445.092,36.906,20725667.825,108914127.804,1619.274,50.125,20536255.278,107918744.331,-1330.406,50.75
2019-02-02 15:30:18,21671141.992,113882607.206,-1121.374,50.031,24790493.614,130274916.801,3445.053,37.0,20725359.667,108912508.761,1618.787,50.188,20536508.509,107920074.917,-1330.767,50.75
2019-02-02 15:30:19,21671355.427,113883728.842,-1121.893,50.0,24789837.832,130271471.599,3445.218,37.188,20725051.635,108910890.261,1618.223,50.125,20536761.799,107921405.925,-1331.22,50.688
2019-02-02 15:30:20,21671568.912,113884851.019,-1122.464,49.938,24789181.911,130268026.388,3445.156,37.188,20724743.746,108909272.299,1617.654,50.156,20537015.141,107922737.37,-1331.681,50.656
2019-02-02 15:30:21,21671782.561,113885973.735,-1122.944,49.812,24788526.055,130264581.115,3445.316,37.312,20724435.99,108907654.883,1617.194,50.094,20537268.63,107924069.239,-1332.035,50.656
2019-02-02 15:30:22,21671996.247,113887096.899,-1123.401,49.781,24787870.283,130261135.738,3445.536,37.219,20724128.282,108906037.913,1616.73,50.094,20537522.122,107925401.442,-1332.363,50.594
2019-02-02 15:30:23,21672210.097,113888220.501,-1123.836,49.719,24787214.532,130257690.219,3445.489,37.281,20723820.649,108904421.406,1616.24,50.062,20537775.711,107926733.983,-1332.766,50.625
2019-02-02 15:30:24,21672423.991,113889344.607,-1124.395,49.688,24786559.287,130254244.628,3445.478,37.312,20723513.149,108902805.399,1615.752,50.062,20538029.346,107928066.908,-1333.14,50.562
2019-02-02 15:30:25,21672638.056,113890469.203,-1124.825,49.719,24785903.617,130250798.941,3445.74,37.312,20723205.692,108901189.897,1615.257,50.125,20538283.069,107929400.221,-1333.538,50.531
2019-02-02 15:30:26,21672852.233,113891594.299,-1125.361,49.688,24785248.135,130247353.21,3445.612,37.344,20722898.377,108899574.901,1614.756,50.125,20538536.799,107930733.929,-1333.909,50.594
2019-02-02 15:30:27,21673066.461,113892719.904,-1125.903,49.719,24784592.579,130243907.393,3445.82,37.375,20722591.189,108897960.424,1614.213,50.094,20538790.713,107932068.041,-1334.324,50.531
2019-02-02 15:30:28,21673280.823,113893845.997,-1126.379,49.812,24783937.019,130240461.496,3445.906,37.406,20722284.027,108896346.444,1613.763,50.125,20539044.665,107933402.533,-1334.716,50.531
2019-02-02 15:30:29,21673495.185,113894972.572,-1126.786,49.812,24783281.069,130237015.513,3446.17,37.594,20721977.042,108894732.954,1613.279,50.125,20539298.675,107934737.394,-1335.027,50.562
2019-02-02 15:30:30,21673709.692,113896099.662,-1127.374,49.75,24782625.102,130233569.465,3445.967,37.531,20721670.086,108893119.985,1612.71,50.094,20539552.801,107936072.662,-1335.439,50.5
2019-02-02 15:30:31,21673924.271,113897227.284,-1127.837,49.812,24781969.211,130230123.373,3446.173,37.812,20721363.228,108891507.553,1612.183,50.125,20539806.968,107937408.352,-1335.86,50.562
2019-02-02 15:30:32,21674138.939,113898355.417,-1128.375,49.844,24781313.243,130226677.212,3446.347,37.875,20721056.492,108889895.654,1611.677,50.125,20540061.199,107938744.452,-1336.308,50.562
2019-02-02 15:30:33,21674353.687,113899483.977,-1128.763,49.812,24780657.474,130223230.918,3446.381,37.781,20720749.81,108888284.178,1611.262,50.156,20540315.523,107940080.862,-1336.573,50.594
2019-02-02 15:30:34,21674568.58,113900613.045,-1129.344,49.719,24780001.877,130219784.569,3446.301,37.875,20720443.261,108886673.224,1610.662,50.031,20540569.889,107941417.671,-1337.038,50.531
2019-02-02 15:30:35,21674783.554,113901742.602,-1129.824,49.75,24779346.191,130216338.126,3446.405,38.062,20720136.777,108885062.775,1610.168,50.062,20540824.389,107942754.865,-1337.411,50.5
2019-02-02 15:30:36,21674998.637,113902872.731,-1130.376,49.781,24778690.481,130212891.677,3446.432,38.0,20719830.431,108883452.901,1609.59,50.094,20541078.959,107944092.516,-1337.896,50.562
2019-02-02 15:30:37,21675213.864,113904003.341,-1130.765,49.781,24778034.742,130209445.127,3446.714,38.062,20719524.179,108881843.519,1609.203,50.094,20541333.594,107945430.535,-1338.152,50.5
2019-02-02 15:30:38,21675429.064,113905134.331,-1131.167,49.781,24777378.941,130205998.41,3446.749,37.844,20719218.028,108880234.538,1608.788,50.094,20541588.237,107946768.838,-1338.431,50.531
2019-02-02 15:30:39,21675644.394,113906265.808,-1131.731,49.844,24776722.977,130202551.585,3446.79,38.094,20718911.97,108878626.042,1608.188,50.156,20541843.018,107948107.511,-1338.907,50.594
2019-02-02 15:30:40,21675859.819,113907397.854,-1132.307,49.875,24776067.06,130199104.777,3446.648,38.0,20718605.97,108877018.126,1607.628,50.188,20542097.84,107949446.65,-1339.398,50.531
2019-02-02 15:30:41,21676075.275,113908530.432,-1132.802,49.812,24775411.102,130195657.897,3446.881,38.062,20718300.11,108875410.748,1607.189,50.156,20542352.773,107950786.207,-1339.713,50.531
2019-02-02 15:30:42,21676290.868,113909663.434,-1133.232,49.938,24774755.212,130192210.885,3447.042,38.156,20717994.367,108873803.802,1606.731,50.281,20542607.765,107952126.08,-1340.007,50.625
2019-02-02 15:30:43,21676506.467,113910796.897,-1133.728,49.875,24774099.11,130188763.779,3447.125,38.094,20717688.66,108872197.34,1606.184,50.312,20542862.806,107953466.316,-1340.448,50.594
2019-02-02 15:30:44,21676722.231,113911930.887,-1134.236,49.844,24773442.997,130185316.616,3447.204,38.125,20717383.093,108870591.417,1605.668,50.312,20543117.903,107954806.97,-1340.865,50.594
2019-02-02 15:30:45,21676938.055,113913065.449,-1134.893,49.781,24772786.9,130181869.455,3447.098,38.094,20717077.603,108868986.062,1605.076,50.281,20543373.102,107956148.083,-1341.383,50.625
2019-02-02 15:30:46,21677154.031,113914200.513,-1135.271,49.719,24772131.07,130178422.222,3447.354,38.062,20716772.173,108867381.23,1604.579,50.219,20543628.352,107957489.584,-1341.685,50.594
2019-02-02 15:30:47,21677370.097,113915335.997,-1135.711,49.719,24771474.905,130174974.852,3447.354,37.781,20716466.85,108865776.819,1604.17,50.156,20543883.692,107958831.398,-1341.949,50.562
2019-02-02 15:30:48,21677586.339,113916471.969,-1136.232,49.75,24770819.083,130171527.378,3447.589,37.906,20716161.633,108864172.912,1603.641,50.156,20544139.08,107960173.596,-1342.446,50.5
2019-02-02 15:30:49,21677802.627,113917608.442,-1136.657,49.875,24770163.015,130168079.861,3447.645,38.062,20715856.516,108862569.516,1603.205,50.219,20544394.598,107961516.188,-1342.752,50.531
2019-02-02 15:30:50,21678019.015,113918745.4,-1137.208,49.875,24769506.923,130164632.267,3447.449,38.188,20715551.462,108860966.625,1602.61,50.188,20544650.21,107962859.159,-1343.218,50.625
2019-02-02 15:30:51,21678235.422,113919882.896,-1137.736,49.938,24768850.738,130161184.62,3447.616,38.031,20715246.509,108859364.272,1602.127,50.25,20544905.836,107964202.56,-1343.569,50.625
2019-02-02 15:30:52,21678451.94,113921020.861,-1138.215,50.031,24768194.83,130157736.861,3447.85,38.188,20714941.698,108857762.406,1601.611,50.312,20545161.515,107965546.32,-1343.974,50.719
2019-02-02 15:30:53,21678668.558,113922159.285,-1138.603,50.031,24767538.671,130154289.015,3447.858,38.188,20714636.967,108856161.015,1601.197,50.312,20545417.304,107966890.43,-1344.293,50.781
2019-02-02 15:30:54,21678885.308,113923298.15,-1139.125,50.031,24766882.677,130150841.03,3448.043,38.062,20714332.266,108854560.083,1600.665,50.312,20545673.193,107968234.876,-1344.663,50.812
2019-02-02 15:30:55,21679102.14,113924437.587,-1139.773,50.062,24766226.437,130147393.048,3447.914,38.156,20714027.743,108852959.726,1599.995,50.25,20545929.132,107969579.786,-1345.192,50.844
2019-02-02 15:30:56,21679319.059,113925577.593,-1140.25,50.062,24765570.21,130143945.089,3448.007,38.156,20713723.293,108851359.961,1599.563,50.281,20546185.164,107970925.165,-1345.569,50.844
2019-02-02 15:30:57,21679536.098,113926718.046,-1140.663,49.969,24764914.187,130140496.995,3448.076,38.0,20713418.896,108849760.657,1599.11,50.219,20546441.203,107972270.882,-1345.922,50.875
2019-02-02 15:30:58,21679753.189,113927858.941,-1141.153,49.938,24764257.782,130137048.756,3448.29,38.156,20713114.599,108848161.798,1598.569,50.188,20546697.298,107973616.917,-1346.256,50.812
2019-02-02 15:30:59,21679970.346,113929000.307,-1141.603,49.906,24763601.392,130133600.436,3448.399,38.0,20712810.458,108846563.427,1598.112,50.25,20546953.519,107974963.322,-1346.61,50.781
2019-02-02 15:31:00,21680187.657,113930142.234,-1142.156,49.875,24762945.284,130130152.118,3448.361,38.25,20712506.398,108844965.619,1597.555,50.312,20547209.816,107976310.171,-1347.042,50.812
2019-02-02 15:31:01,21680405.005,113931284.655,-1142.658,49.75,24762289.089,130126703.701,3448.321,38.094,20712202.481,108843368.329,1597.038,50.219,20547466.156,107977657.423,-1347.455,50.875
2019-02-02 15:31:02,21680622.522,113932427.548,-1143.114,49.781,24761632.775,130123255.199,3448.482,38.25,20711898.619,108841771.526,1596.546,50.25,20547722.554,107979005.039,-1347.787,50.75
2019-02-02 15:31:03,21680840.162,113933570.959,-1143.686,49.781,24760976.527,130119806.642,3448.583,38.062,20711594.959,108840175.245,1596.045,50.281,20547979.093,107980353.056,-1348.193,50.75
2019-02-02 15:31:04,21681057.833,113934714.84,-1144.096,49.844,24760320.402,130116357.984,3448.727,38.219,20711291.324,108838579.453,1595.57,50.312,20548235.705,107981701.44,-1348.57,50.781
2019-02-02 15:31:05,21681275.588,113935859.191,-1144.546,49.875,24759664.137,130112909.239,3448.891,38.031,20710987.758,108836984.142,1595.067,50.344,20548492.354,107983050.182,-1348.887,50.812
2019-02-02 15:31:06,21681493.507,113937004.005,-1145.057,49.875,24759007.835,130109460.387,3448.799,38.125,20710684.283,108835389.308,1594.614,50.312,20548749.109,107984399.282,-1349.293,50.812
2019-02-02 15:31:07,21681711.512,113938149.335,-1145.618,49.812,24758351.538,130106011.483,3448.811,38.094,20710380.912,108833795.0,1594.073,50.219,20549005.923,107985748.784,-1349.767,50.844
2019-02-02 15:31:08,21681929.577,113939295.167,-1146.048,49.781,24757695.337,130102562.518,3448.851,38.219,20710077.562,108832201.221,1593.557,50.219,20549262.79,107987098.686,-1350.052,50.781
2019-02-02 15:31:09,21682147.652,113940441.492,-1146.522,49.812,24757038.809,130099113.458,3449.19,38.094,20709774.39,108830607.943,1593.028,50.219,20549519.724,107988448.97,-1350.485,50.781
2019-02-02 15:31:10,21682365.861,113941588.271,-1147.08,49.844,24756382.512,130095664.307,3449.217,38.219,20709471.251,108829015.135,1592.546,50.281,20549776.741,107989799.598,-1350.884,50.75
2019-02-02 15:31:11,21682584.2,113942735.608,-1147.565,49.875,24755725.955,130092215.159,3449.217,38.094,20709168.229,108827422.907,1591.987,50.25,20550033.834,107991150.677,-1351.222,50.781
2019-02-02 15:31:12,21682802.594,113943883.414,-1148.048,49.844,24755069.702,130088765.891,3449.365,38.188,20708865.341,108825831.153,1591.555,50.25,20550291.01,107992502.117,-1351.623,50.781
2019-02-02 15:31:13,21683021.107,113945031.722,-1148.569,49.969,24754413.332,130085316.574,3449.394,38.156,20708562.504,108824239.925,1590.944,50.25,20550548.231,107993853.943,-1352.022,50.844
2019-02-02 15:31:14,21683239.71,113946180.517,-1149.007,49.969,24753757.012,130081867.184,3449.537,38.312,20708259.741,108822649.205,1590.484,50.219,20550805.599,107995206.169,-1352.37,50.875
2019-02-02 15:31:15,21683458.377,113947329.756,-1149.453,49.938,24753100.565,130078417.66,3449.578,38.5,20707957.142,108821058.938,1590.01,50.219,20551062.975,107996558.716,-1352.739,50.906
2019-02-02 15:31:16,21683677.225,113948479.508,-1150.017,49.906,24752444.115,130074968.095,3449.507,38.375,20707654.644,108819469.2,1589.435,50.219,20551320.429,107997911.671,-1353.213,50.844
2019-02-02 15:31:17,21683896.137,113949629.817,-1150.507,49.844,24751787.938,130071518.524,3449.633,38.375,20707352.241,108817880.034,1588.951,50.156,20551577.923,107999265.064,-1353.555,50.75
2019-02-02 15:31:18,21684115.157,113950780.544,-1150.906,49.812,24751131.389,130068068.785,3449.819,38.375,20707049.957,108816291.3,1588.521,50.188,20551835.504,108000618.772,-1353.877,50.781
2019-02-02 15:31:19,21684334.193,113951931.688,-1151.453,49.812,24750475.052,130064618.923,3449.876,38.344,20706747.687,108814703.008,1587.962,50.219,20552093.2,108001972.788,-1354.273,50.75
2019-02-02 15:31:20,21684553.368,113953083.406,-1151.992,49.875,24749818.592,130061169.069,3449.897,38.5,20706445.583,108813115.306,1587.449,50.312,20552350.911,108003327.277,-1354.687,50.75
2019-02-02 15:31:21,21684772.619,113954235.636,-1152.561,49.844,24749162.209,130057719.15,3449.959,38.469,20706143.495,108811528.133,1586.895,50.281,20552608.797,108004682.169,-1355.079,50.781
2019-02-02 15:31:22,21684991.986,113955388.343,-1152.96,49.875,24748505.77,130054269.17,3449.891,38.531,20705841.584,108809941.461,1586.409,50.281,20552866.723,108006037.439,-1355.435,50.781
2019-02-02 15:31:23,21685211.412,113956541.564,-1153.469,49.906,24747849.273,130050819.12,3450.022,38.344,20705539.788,108808355.309,1585.886,50.281,20553124.669,108007393.117,-1355.917,50.75
2019-02-02 15:31:24,21685430.983,113957695.33,-1154.045,49.906,24747192.765,130047369.046,3449.994,38.469,20705238.132,108806769.731,1585.294,50.312,20553382.698,108008749.226,-1356.323,50.844
2019-02-02 15:31:25,21685650.628,113958849.556,-1154.422,49.781,24746536.196,130043918.863,3450.372,38.594,20704936.492,108805184.62,1584.903,50.156,20553640.845,108010105.69,-1356.63,50.844
2019-02-02 15:31:26,21685870.298,113960004.224,-1154.856,49.844,24745879.722,130040468.592,3450.328,38.531,20704634.967,108803599.98,1584.395,50.156,20553899.021,108011462.495,-1357.02,50.75
2019-02-02 15:31:27,21686090.146,113961159.346,-1155.356,49.781,24745222.999,130037018.173,3450.5,38.562,20704333.529,108802015.795,1583.949,50.094,20554157.265,108012819.626,-1357.293,50.781
2019-02-02 15:31:28,21686310.071,113962314.977,-1155.94,49.844,24744566.318,130033567.719,3450.437,38.5,20704032.157,108800432.14,1583.376,50.094,20554415.618,108014177.166,-1357.787,50.75
2019-02-02 15:31:29,21686530.07,113963471.142,-1156.4,49.781,24743909.619,130030117.226,3450.536,38.438,20703730.944,108798849.048,1582.818,50.031,20554674.098,108015535.135,-1358.141,50.75
2019-02-02 15:31:30,21686750.258,113964627.777,-1156.917,49.688,24743252.777,130026666.658,3450.504,38.375,20703429.727,108797266.434,1582.329,49.938,20554932.579,108016893.466,-1358.587,50.688
2019-02-02 15:31:31,21686970.476,113965784.962,-1157.393,49.688,24742596.059,130023216.059,3450.566,38.25,20703128.614,108795684.384,1581.793,49.906,20555191.161,108018252.226,-1358.931,50.656
2019-02-02 15:31:32,21687190.739,113966942.574,-1157.774,49.562,24741939.322,130019765.344,3450.698,38.281,20702827.663,108794102.785,1581.394,49.812,20555449.777,108019611.33,-1359.272,50.594
2019-02-02 15:31:33,21687411.12,113968100.633,-1158.305,49.719,24741282.656,130016314.482,3450.881,38.219,20702526.772,108792521.638,1580.913,49.938,20555708.417,108020970.745,-1359.613,50.5
2019-02-02 15:31:34,21687631.55,113969259.168,-1158.786,49.719,24740625.993,130012863.551,3451.005,38.281,20702225.994,108790941.0,1580.377,50.0,20555967.158,108022330.543,-1360.014,50.594
2019-02-02 15:31:35,21687852.119,113970418.268,-1159.335,49.781,24739969.274,130009412.624,3450.951,38.188,20701925.329,108789360.946,1579.823,50.062,20556225.998,108023690.795,-1360.462,50.625
2019-02-02 15:31:36,21688072.693,113971577.846,-1159.832,49.844,24739312.587,130005961.614,3451.005,38.219,20701624.7,108787781.387,1579.29,50.031,20556484.937,108025051.415,-1360.831,50.625
2019-02-02 15:31:37,21688293.425,113972737.9,-1160.25,49.938,24738655.896,130002510.519,3451.098,38.25,20701324.203,108786202.328,1578.826,50.156,20556743.997,108026412.408,-1361.127,50.594
2019-02-02 15:31:38,21688514.287,113973898.401,-1160.737,50.0,24737999.273,129999059.297,3451.308,38.375,20701023.843,108784623.728,1578.385,50.188,20557003.03,108027773.732,-1361.503,50.688
2019-02-02 15:31:39,21688735.205,113975059.369,-1161.19,50.0,24737342.763,129995607.99,3451.393,38.219,20700723.552,108783045.618,1577.833,50.156,20557262.154,108029135.421,-1361.923,50.719
2019-02-02 15:31:40,21688956.247,113976220.887,-1161.786,50.0,24736685.861,129992156.676,3451.208,38.156,20700423.427,108781468.073,1577.253,50.156,20557521.371,108030497.546,-1362.342,50.688
2019-02-02 15:31:41,21689177.366,113977382.906,-1162.243,49.906,24736029.087,129988705.276,3451.412,38.312,20700123.348,108779891.061,1576.751,50.188,20557780.665,108031860.061,-1362.655,50.688
2019-02-02 15:31:42,21689398.596,113978545.448,-1162.799,50.0,24735372.264,129985253.858,3451.51,38.219,20699823.388,108778314.587,1576.209,50.188,20558040.05,108033222.991,-1363.111,50.719
2019-02-02 15:31:43,21689619.915,113979708.453,-1163.228,49.938,24734715.511,129981802.338,3451.523,38.156,20699523.526,108776738.601,1575.721,50.125,20558299.449,108034586.285,-1363.522,50.75
2019-02-02 15:31:44,21689841.336,113980871.924,-1163.664,49.938,24734058.704,129978350.738,3451.697,38.188,20699223.757,108775163.104,1575.287,50.156,20558558.947,108035949.932,-1363.759,50.688
2019-02-02 15:31:45,21690062.847,113982035.804,-1164.105,49.906,24733401.843,129974898.963,3451.814,38.281,20698924.073,108773588.034,1574.821,50.094,20558818.456,108037313.881,-1364.143,50.75
2019-02-02 15:31:46,21690284.447,113983200.251,-1164.742,49.844,24732744.991,129971447.204,3451.815,38.219,20698624.398,108772013.555,1574.194,50.125,20559078.07,108038678.291,-1364.615,50.688
2019-02-02 15:31:47,21690506.115,113984365.219,-1165.199,49.688,24732088.195,129967995.437,3451.709,38.094,20698324.897,108770439.625,1573.732,49.969,20559337.804,108040043.116,-1364.962,50.594
2019-02-02 15:31:48,21690727.877,113985530.65,-1165.703,49.688,24731431.322,129964543.533,3452.043,38.219,20698025.421,108768866.167,1573.186,50.0,20559597.601,108041408.295,-1365.415,50.625
2019-02-02 15:31:49,21690949.705,113986696.562,-1166.097,49.719,24730774.497,129961091.568,3452.135,38.062,20697726.035,108767293.221,1572.749,50.031,20559857.461,108042773.843,-1365.745,50.688
2019-02-02 15:31:50,21691171.643,113987862.975,-1166.667,49.719,24730117.558,129957639.549,3452.071,38.062,20697426.768,108765720.8,1572.134,50.031,20560117.328,108044139.794,-1366.163,50.688
2019-02-02 15:31:51,21691393.724,113989029.897,-1167.104,49.594,24729460.691,129954187.471,3452.094,37.969,20697127.596,108764148.906,1571.622,50.0,20560377.309,108045506.143,-1366.533,50.594
2019-02-02 15:31:52,21691615.92,113990197.264,-1167.596,49.625,24728803.775,129950735.276,3452.282,38.094,20696828.563,108762577.471,1571.314,50.031,20560637.359,108046872.824,-1366.828,50.688
2019-02-02 15:31:53,21691838.128,113991365.057,-1168.061,49.625,24728146.653,129947282.957,3452.372,38.094,20696529.632,108761006.504,1570.663,50.156,20560897.497,108048239.834,-1367.235,50.688
2019-02-02 15:31:54,21692060.464,113992533.423,-1168.643,49.469,24727489.568,129943830.654,3452.277,37.969,20696230.79,108759436.135,1570.065,50.031,20561157.73,108049607.308,-1367.709,50.562
2019-02-02 15:31:55,21692282.912,113993702.284,-1169.02,49.594,24726832.793,129940378.302,3452.285,38.031,20695932.049,108757866.287,1569.622,50.188,20561418.101,108050975.178,-1368.039,50.625
2019-02-02 15:31:56,21692505.41,113994871.593,-1169.525,49.562,24726175.869,129936925.818,3452.49,37.969,20695633.432,108756296.906,1569.132,50.219,20561678.54,108052343.389,-1368.349,50.562
2019-02-02 15:31:57,21692728.041,113996041.406,-1170.078,49.625,24725518.995,129933473.268,3452.526,38.062,20695334.949,108754728.049,1568.563,50.25,20561939.002,108053711.991,-1368.803,50.594
2019-02-02 15:31:58,21692950.733,113997211.694,-1170.51,49.625,24724862.398,129930020.657,3452.767,38.094,20695036.539,108753159.697,1568.121,50.219,20562199.467,108055080.974,-1369.14,50.625
2019-02-02 15:31:59,21693173.545,113998382.438,-1171.054,49.75,24724205.283,129926567.943,3452.75,38.188,20694738.189,108751591.822,1567.556,50.312,20562460.051,108056450.295,-1369.602,50.656
2019-02-02 15:32:00,21693396.383,113999553.738,-1171.531,49.875,24723548.067,129923115.222,3452.758,38.156,20694439.966,108750024.527,1567.053,50.375,20562720.727,108057820.071,-1369.99,50.688
2019-02-02 15:32:01,21693619.327,114000725.499,-1171.916,49.875,24722890.966,129919662.407,3452.884,38.156,20694141.859,108748457.715,1566.65,50.312,20562981.425,108059190.191,-1370.273,50.594
2019-02-02 15:32:02,21693842.381,114001897.685,-1172.515,49.906,24722233.809,129916209.444,3453.064,38.219,20693843.75,108746891.355,1566.065,50.312,20563242.186,108060560.636,-1370.702,50.625
2019-02-02 15:32:03,21694065.593,114003070.475,-1173.063,50.062,24721576.815,129912756.553,3452.907,38.406,20693545.734,108745325.624,1565.449,50.344,20563503.06,108061931.577,-1371.187,50.688
2019-02-02 15:32:04,21694288.86,114004243.719,-1173.419,50.031,24720919.581,129909303.543,3453.191,38.312,20693247.842,108743760.364,1565.078,50.344,20563764.015,108063302.868,-1371.445,50.625
2019-02-02 15:32:05,21694512.28,114005417.369,-1173.857,50.0,24720262.56,129905850.38,3453.13,38.25,20692950.042,108742195.541,1564.578,50.281,20564024.995,108064674.455,-1371.752,50.656
2019-02-02 15:32:06,21694735.707,114006591.476,-1174.322,50.031,24719605.505,129902397.113,3453.33,38.344,20692652.353,108740631.197,1564.097,50.312,20564286.073,108066046.395,-1372.148,50.688
2019-02-02 15:32:07,21694959.219,114007766.119,-1174.919,50.062,24718948.291,129898943.836,3453.344,38.5,20692354.735,108739067.416,1563.496,50.281,20564547.248,108067418.755,-1372.57,50.656
2019-02-02 15:32:08,21695182.807,114008941.253,-1175.357,50.031,24718290.995,129895490.503,3453.328,38.469,20692057.264,108737504.165,1562.921,50.344,20564808.465,108068791.509,-1372.979,50.688
2019-02-02 15:32:09,21695406.519,114010116.963,-1175.974,50.094,24717633.868,129892037.165,3453.384,38.562,20691759.823,108735941.5,1562.357,50.281,20565069.759,108070164.723,-1373.45,50.688
2019-02-02 15:32:10,21695630.27,114011293.16,-1176.425,50.125,24716976.734,129888583.784,3453.334,38.438,20691462.53,108734379.347,1561.941,50.25,20565331.187,108071538.319,-1373.778,50.719
2019-02-02 15:32:11,21695854.092,114012469.841,-1176.909,50.094,24716319.696,129885130.294,3453.584,38.531,20691165.377,108732817.704,1561.444,50.25,20565592.614,108072912.29,-1374.136,50.688
2019-02-02 15:32:12,21696078.082,114013646.964,-1177.323,50.094,24715662.711,129881676.706,3453.751,38.562,20690868.312,108731256.529,1560.936,50.25,20565854.123,108074286.595,-1374.466,50.656
2019-02-02 15:32:13,21696302.141,114014824.556,-1177.808,49.969,24715005.466,129878223.054,3453.61,38.406,20690571.341,108729695.852,1560.412,50.156,20566115.736,108075661.264,-1374.869,50.531
2019-02-02 15:32:14,21696526.403,114016002.626,-1178.287,50.0,24714348.254,129874769.304,3453.834,38.344,20690274.455,108728135.676,1559.92,50.25,20566377.395,108077036.301,-1375.189,50.594
2019-02-02 15:32:15,21696750.633,114017181.069,-1178.662,50.0,24713690.866,129871315.375,3453.968,38.5,20689977.611,108726575.901,1559.542,50.25,20566639.139,108078411.603,-1375.473,50.594
2019-02-02 15:32:16,21696975.036,114018360.07,-1179.297,50.0,24713033.61,129867861.454,3453.842,38.5,20689680.888,108725016.708,1558.874,50.281,20566900.967,108079787.356,-1376.042,50.594
2019-02-02 15:32:17,21697199.518,114019539.636,-1179.795,49.875,24712376.375,129864407.531,3453.933,38.25,20689384.335,108723458.096,1558.361,50.219,20567162.851,108081163.559,-1376.384,50.531
2019-02-02 15:32:18,21697424.065,114020719.675,-1180.326,49.844,24711718.957,129860953.532,3454.005,38.375,20689087.89,108721899.986,1557.845,50.281,20567424.807,108082540.125,-1376.776,50.531
2019-02-02 15:32:19,21697648.694,114021900.19,-1180.675,49.875,24711061.744,129857499.448,3454.247,38.406,20688791.537,108720342.384,1557.354,50.281,20567686.815,108083917.06,-1377.08,50.594
2019-02-02 15:32:20,21697873.385,114023081.157,-1181.181,49.906,24710404.54,129854045.275,3454.23,38.594,20688495.228,108718785.254,1556.872,50.281,20567948.898,108085294.344,-1377.466,50.625
2019-02-02 15:32:21,21698098.208,114024262.615,-1181.732,49.969,24709747.236,129850591.035,3454.24,38.656,20688199.051,108717228.648,1556.327,50.25,20568211.01,108086672.01,-1377.896,50.656
2019-02-02 15:32:22,21698323.141,114025444.618,-1182.286,49.938,24709089.787,129847136.78,3454.139,38.656,20687902.92,108715672.613,1555.709,50.281,20568473.267,108088050.106,-1378.335,50.688
2019-02-02 15:32:23,21698548.124,114026627.091,-1182.675,49.906,24708432.598,129843682.438,3454.542,38.688,20687606.917,108714117.08,1555.329,50.281,20568735.554,108089428.57,-1378.569,50.656
2019-02-02 15:32:24,21698773.251,114027810.003,-1183.171,49.969,24707775.075,129840227.999,3454.438,38.812,20687310.987,108712562.009,1554.805,50.219,20568997.936,108090807.36,-1378.996,50.688
2019-02-02 15:32:25,21698998.396,114028993.345,-1183.535,49.969,24707117.609,129836773.437,3454.588,38.781,20687015.178,108711007.409,1554.366,50.281,20569260.417,108092186.487,-1379.29,50.688
2019-02-02 15:32:26,21699223.698,114030177.205,-1184.126,49.875,24706460.195,129833318.832,3454.681,38.719,20686719.442,108709453.346,1553.717,50.188,20569522.955,108093566.012,-1379.739,50.562
2019-02-02 15:32:27,21699449.097,114031361.641,-1184.68,49.844,24705802.819,129829864.258,3454.578,38.562,20686423.8,108707899.882,1553.204,50.188,20569785.561,108094946.004,-1380.196,50.562
2019-02-02 15:32:28,21699674.573,114032546.541,-1185.087,49.781,24705145.35,129826409.576,3454.683,38.531,20686128.285,108706346.912,1552.762,50.156,20570048.292,108096326.351,-1380.467,50.531
2019-02-02 15:32:29,21699900.153,114033731.869,-1185.541,49.844,24704487.984,129822954.769,3454.801,38.5,20685832.871,108704794.405,1552.23,50.188,20570311.002,108097707.022,-1380.838,50.594
2019-02-02 15:32:30,21700125.784,114034917.716,-1186.146,49.781,24703830.564,129819499.937,3454.818,38.469,20685537.532,108703242.436,1551.645,50.219,20570573.813,108099088.101,-1381.314,50.562
2019-02-02 15:32:31,21700351.552,114036104.068,-1186.495,49.781,24703173.182,129816045.051,3454.999,38.281,20685242.322,108701691.005,1551.259,50.188,20570836.696,108100469.586,-1381.621,50.5
2019-02-02 15:32:32,21700577.377,114037290.807,-1187.058,49.719,24702515.776,129812590.011,3455.006,38.125,20684947.192,108700139.997,1550.714,50.125,20571099.599,108101851.353,-1381.989,50.5
2019-02-02 15:32:33,21700803.298,114038478.07,-1187.519,49.719,24701858.285,129809134.916,3455.264,38.094,20684652.158,108698589.543,1550.2,50.156,20571362.647,108103233.543,-1382.402,50.531
2019-02-02 15:32:34,21701029.323,114039665.843,-1188.051,49.719,24701200.747,129805679.807,3455.164,38.062,20684357.233,108697039.624,1549.611,50.156,20571625.735,108104616.133,-1382.757,50.531
2019-02-02 15:32:35,21701255.481,114040854.14,-1188.477,49.812,24700543.306,129802224.658,3455.135,38.094,20684062.417,108695490.26,1549.114,50.219,20571888.922,108105999.141,-1383.22,50.562
2019-02-02 15:32:36,21701481.763,114042042.837,-1188.878,49.719,24699885.701,129798769.343,3455.508,37.969,20683767.619,108693941.32,1548.69,50.094,20572152.163,108107382.44,-1383.464,50.469
2019-02-02 15:32:37,21701708.086,114043232.006,-1189.414,49.812,24699228.01,129795313.977,3455.334,38.188,20683473.018,108692392.88,1548.205,50.125,20572415.431,108108766.103,-1383.866,50.531
2019-02-02 15:32:38,21701934.487,114044421.688,-1189.987,49.906,24698570.412,129791858.56,3455.508,38.125,20683178.446,108690844.99,1547.581,50.156,20572678.817,108110150.173,-1384.258,50.594
2019-02-02 15:32:39,21702160.959,114045611.91,-1190.456,49.938,24697913.127,129788403.12,3455.5,38.312,20682883.995,108689297.666,1547.09,50.156,20572942.265,108111534.677,-1384.665,50.625
2019-02-02 15:32:40,21702387.569,114046802.562,-1190.886,49.938,24697255.631,129784947.574,3455.496,38.188,20682589.655,108687750.806,1546.581,50.188,20573205.797,108112919.493,-1384.995,50.625
2019-02-02 15:32:41,21702614.27,114047993.708,-1191.429,49.844,24696598.045,129781491.96,3455.596,38.219,20682295.397,108686204.462,1546.026,50.062,20573469.416,108114304.698,-1385.439,50.562
2019-02-02 15:32:42,21702840.971,114049185.376,-1191.918,49.812,24695940.496,129778036.307,3455.606,38.438,20682001.277,108684658.668,1545.542,50.125,20573733.047,108115690.317,-1385.85,50.594
2019-02-02 15:32:43,21703067.843,114050377.5,-1192.291,49.75,24695282.919,129774580.575,3455.867,38.281,20681707.18,108683113.36,1545.106,50.094,20573996.8,108117076.277,-1386.064,50.594
2019-02-02 15:32:44,21703294.756,114051570.113,-1192.881,49.781,24694625.126,129771124.776,3455.713,38.281,20681413.16,108681568.578,1544.489,50.156,20574260.64,108118462.633,-1386.62,50.562
2019-02-02 15:32:45,21703521.828,114052763.226,-1193.325,49.781,24693967.537,129767668.931,3455.831,38.438,20681119.249,108680024.327,1544.012,50.094,20574524.518,108119849.379,-1386.935,50.594
2019-02-02 15:32:46,21703748.954,114053956.825,-1193.823,49.875,24693309.903,129764213.008,3456.011,38.438,20680825.456,108678480.587,1543.492,50.156,20574788.41,108121236.511,-1387.368,50.688
2019-02-02 15:32:47,21703976.132,114055150.839,-1194.269,49.875,24692652.067,129760756.962,3456.142,38.438,20680531.765,108676937.296,1543.041,50.156,20575052.379,108122623.943,-1387.631,50.688
2019-02-02 15:32:48,21704203.394,114056345.348,-1194.793,49.812,24691994.199,129757300.859,3455.999,38.312,20680238.185,108675394.537,1542.473,50.062,20575316.414,108124011.767,-1388.054,50.656
2019-02-02 15:32:49,21704430.804,114057540.392,-1195.281,49.812,24691336.682,129753844.745,3456.036,38.281,20679944.739,108673852.343,1541.95,50.031,20575580.597,108125400.02,-1388.453,50.688
2019-02-02 15:32:50,21704658.29,114058735.881,-1195.682,49.812,24690678.986,129750388.53,3456.299,38.375,20679651.369,108672310.635,1541.496,50.094,20575844.86,108126788.619,-1388.765,50.688
2019-02-02 15:32:51,21704885.891,114059931.818,-1196.198,49.781,24690021.556,129746932.216,3456.298,38.344,20679358.069,108670769.403,1540.937,50.062,20576109.234,108128177.555,-1389.162,50.75
2019-02-02 15:32:52,21705113.638,114061128.216,-1196.595,49.812,24689363.748,129743475.792,3456.49,38.5,20679064.956,108669228.663,1540.492,50.125,20576373.642,108129566.834,-1389.418,50.75
2019-02-02 15:32:53,21705341.473,114062325.119,-1197.174,49.781,24688706.031,129740019.335,3456.524,38.375,20678771.839,108667688.468,1539.88,50.125,20576638.135,108130956.524,-1389.981,50.719
2019-02-02 15:32:54,21705569.33,114063522.593,-1197.719,49.844,24688048.207,129736562.906,3456.46,38.406,20678478.854,108666148.87,1539.314,50.125,20576902.688,108132346.662,-1390.334,50.688
2019-02-02 15:32:55,21705797.269,114064720.522,-1198.096,49.812,24687390.22,129733106.371,3456.635,38.344,20678186.033,108664609.764,1538.902,50.125,20577167.296,108133737.151,-1390.607,50.688
2019-02-02 15:32:56,21706025.298,114065918.865,-1198.565,49.781,24686732.42,129729649.717,3456.714,38.375,20677893.248,108663071.112,1538.392,50.125,20577431.924,108135127.958,-1391.027,50.688
2019-02-02 15:32:57,21706253.389,114067117.747,-1199.111,49.844,24686074.734,129726193.038,3456.687,38.469,20677600.548,108661533.022,1537.838,50.125,20577696.636,108136519.183,-1391.415,50.656
2019-02-02 15:32:58,21706481.6,114068317.166,-1199.696,49.875,24685416.844,129722736.354,3456.67,38.406,20677308.012,108659995.508,1537.187,50.094,20577961.478,108137910.845,-1391.888,50.719
2019-02-02 15:32:59,21706709.928,114069517.034,-1200.091,49.844,24684759.075,129719279.578,3456.782,38.5,20677015.591,108658458.482,1536.759,50.125,20578226.313,108139302.862,-1392.169,50.719
2019-02-02 15:33:00,21706938.36,114070717.35,-1200.539,49.844,24684101.397,129715822.703,3456.843,38.5,20676723.169,108656921.933,1536.321,50.188,20578491.207,108140695.213,-1392.522,50.781
2019-02-02 15:33:01,21707166.883,114071918.143,-1200.976,49.844,24683443.328,129712365.729,3456.931,38.562,20676430.822,108655385.889,1535.787,50.156,20578756.256,108142087.926,-1392.88,50.781
2019-02-02 15:33:02,21707395.533,114073119.379,-1201.45,49.844,24682785.702,129708908.698,3457.062,38.75,20676138.621,108653850.333,1535.297,50.156,20579021.36,108143480.995,-1393.296,50.812
2019-02-02 15:33:03,21707624.215,114074321.105,-1201.929,49.844,24682127.635,129705451.586,3457.005,38.688,20675846.52,108652315.296,1534.762,50.156,20579286.501,108144874.433,-1393.657,50.812
2019-02-02 15:33:04,21707852.967,114075523.384,-1202.615,49.844,24681469.785,129701994.463,3457.039,38.688,20675554.453,108650780.842,1534.129,50.156,20579551.748,108146268.327,-1394.15,50.781
2019-02-02 15:33:05,21708081.854,114076726.19,-1202.974,49.875,24680811.857,129698537.337,3457.193,38.719,20675262.498,108649246.951,1533.697,50.219,20579817.097,108147662.634,-1394.44,50.781
2019-02-02 15:33:06,21708310.792,114077929.35,-1203.329,49.875,24680154.11,129695080.0,3457.417,38.688,20674970.697,108647713.447,1533.292,50.188,20580082.431,108149057.185,-1394.706,50.75
2019-02-02 15:33:07,21708539.822,114079132.974,-1203.881,49.906,24679496.278,129691622.584,3457.316,38.812,20674678.97,108646180.448,1532.726,50.25,20580347.922,108150452.095,-1395.109,50.875
2019-02-02 15:33:08,21708768.964,114080337.081,-1204.324,49.875,24678838.475,129688165.116,3457.526,38.875,20674387.341,108644647.98,1532.186,50.219,20580613.411,108151847.395,-1395.528,50.812
2019-02-02 15:33:09,21708998.259,114081541.762,-1204.922,49.812,24678180.618,129684707.668,3457.51,38.844,20674095.875,108643116.111,1531.579,50.25,20580879.045,108153243.146,-1395.995,50.781
2019-02-02 15:33:10,21709227.591,114082746.93,-1205.422,49.781,24677522.452,129681250.165,3457.518,38.812,20673804.443,108641584.764,1531.102,50.219,20581144.782,108154639.275,-1396.315,50.656
2019-02-02 15:33:11,21709457.025,114083952.547,-1205.733,49.812,24676864.61,129677792.566,3457.767,38.938,20673513.141,108640053.913,1530.642,50.25,20581410.531,108156035.758,-1396.581,50.719
2019-02-02 15:33:12,21709686.511,114085158.614,-1206.302,49.844,24676206.652,129674334.865,3457.711,38.812,20673221.937,108638523.539,1530.091,50.219,20581676.33,108157432.577,-1397.022,50.688
2019-02-02 15:33:13,21709916.123,114086365.157,-1206.756,49.875,24675548.498,129670877.118,3457.595,38.719,20672930.755,108636993.679,1529.581,50.25,20581942.22,108158829.768,-1397.438,50.625
2019-02-02 15:33:14,21710145.777,114087572.223,-1207.298,49.906,24674890.533,129667419.304,3457.902,38.938,20672639.77,108635464.38,1528.985,50.281,20582208.127,108160227.365,-1397.802,50.625
2019-02-02 15:33:15,21710375.624,114088779.729,-1207.735,49.969,24674232.387,129663961.416,3457.912,38.906,20672348.83,108633935.552,1528.556,50.312,20582474.114,108161625.307,-1398.117,50.562
2019-02-02 15:33:16,21710605.588,114089987.73,-1208.207,49.875,24673574.35,129660503.472,3457.878,38.844,20672058.043,108632407.253,1528.021,50.281,20582740.232,108163023.635,-1398.533,50.594
2019-02-02 15:33:17,21710835.563,114091196.229,-1208.737,49.75,24672916.435,129657045.479,3457.972,38.688,20671767.33,108630879.493,1527.453,50.156,20583006.394,108164422.352,-1398.9,50.594
2019-02-02 15:33:18,21711065.666,114092405.259,-1209.231,49.719,24672258.416,129653587.475,3458.001,38.656,20671476.706,108629352.293,1526.932,50.156,20583272.642,108165821.496,-1399.353,50.438
2019-02-02 15:33:19,21711295.83,114093614.69,-1209.593,49.719,24671600.265,129650129.329,3458.156,38.594,20671186.127,108627825.537,1526.562,50.188,20583538.94,108167220.931,-1399.557,50.438
2019-02-02 15:33:20,21711526.04,114094824.556,-1210.103,49.844,24670942.04,129646671.074,3458.339,38.781,20670895.705,108626299.266,1525.98,50.281,20583805.307,108168620.708,-1399.981,50.562
2019-02-02 15:33:21,21711756.326,114096034.959,-1210.67,49.812,24670283.969,129643212.818,3458.273,38.844,20670605.368,108624773.566,1525.403,50.281,20584071.72,108170020.91,-1400.452,50.688
2019-02-02 15:33:22,21711986.676,114097245.86,-1211.187,49.844,24669625.831,129639754.506,3458.443,38.781,20670315.091,108623248.4,1524.869,50.281,20584338.254,108171421.495,-1400.802,50.75
2019-02-02 15:33:23,21712217.094,114098457.234,-1211.604,49.875,24668967.798,129636296.138,3458.393,38.75,20670024.923,108621723.749,1524.4,50.25,20584604.848,108172822.453,-1401.147,50.781
2019-02-02 15:33:24,21712447.662,114099669.019,-1211.992,49.906,24668309.876,129632837.648,3458.463,38.75,20669734.926,108620199.545,1523.979,50.281,20584871.475,108174223.712,-1401.431,50.812
2019-02-02 15:33:25,21712678.371,114100881.315,-1212.554,50.0,24667651.658,129629379.1,3458.442,38.781,20669444.986,108618675.894,1523.303,50.312,20585138.218,108175625.378,-1401.898,50.844
2019-02-02 15:33:26,21712909.129,114102094.139,-1212.985,50.0,24666993.571,129625920.548,3458.613,38.906,20669155.133,108617152.8,1522.904,50.344,20585405.052,108177027.463,-1402.224,50.875
2019-02-02 15:33:27,21713139.996,114103307.387,-1213.479,50.031,24666335.316,129622461.86,3458.755,38.75,20668865.363,108615630.169,1522.404,50.344,20585671.905,108178429.86,-1402.579,50.875
2019-02-02 15:33:28,21713370.984,114104521.094,-1213.984,50.031,24665677.208,129619003.109,3458.762,38.844,20668575.682,108614108.032,1521.904,50.375,20585938.833,108179832.61,-1402.968,50.906
2019-02-02 15:33:29,21713602.059,114105735.286,-1214.447,50.031,24665018.875,129615544.316,3458.714,38.844,20668286.11,108612586.432,1521.293,50.312,20586205.865,108181235.752,-1403.389,50.875
2019-02-02 15:33:30,21713833.209,114106950.002,-1214.934,50.062,24664360.683,129612085.47,3458.885,38.781,20667996.661,108611065.383,1520.751,50.375,20586472.936,108182639.289,-1403.728,50.844
2019-02-02 15:33:31,21714064.46,114108165.2,-1215.367,50.0,24663702.53,129608626.582,3458.932,38.781,20667707.364,108609544.853,1520.297,50.312,20586740.065,108184043.21,-1404.014,50.844
2019-02-02 15:33:32,21714295.787,114109380.876,-1215.989,50.094,24663044.444,129605167.623,3459.104,38.906,20667418.171,108608024.849,1519.69,50.406,20587007.311,108185447.508,-1404.552,50.781
2019-02-02 15:33:33,21714527.257,114110597.089,-1216.396,50.156,24662385.989,129601708.659,3458.998,38.812,20667129.02,108606505.424,1519.153,50.438,20587274.632,108186852.236,-1404.889,50.781
2019-02-02 15:33:34,21714758.803,114111813.718,-1216.825,50.219,24661727.466,129598249.572,3459.171,38.688,20666839.986,108604986.45,1518.716,50.469,20587542.015,108188257.273,-1405.181,50.781
2019-02-02 15:33:35,21714990.483,114113030.759,-1217.21,50.094,24661069.554,129594790.368,3459.313,38.625,20666551.039,108603467.932,1518.275,50.281,20587809.4,108189662.619,-1405.472,50.844
2019-02-02 15:33:36,21715222.093,114114248.23,-1217.74,50.094,24660411.131,129591331.041,3459.366,38.656,20666262.139,108601949.881,1517.778,50.25,20588076.92,108191068.291,-1405.846,50.719
2019-02-02 15:33:37,21715453.94,114115466.246,-1218.303,50.094,24659752.962,129587871.723,3459.151,38.594,20665973.405,108600432.423,1517.153,50.25,20588344.513,108192474.401,-1406.367,50.625
2019-02-02 15:33:38,21715685.819,114116684.855,-1218.854,50.156,24659094.665,129584412.454,3459.143,38.406,20665684.744,108598915.602,1516.572,50.219,20588612.207,108193881.0,-1406.77,50.656
2019-02-02 15:33:39,21715917.753,114117903.916,-1219.255,50.094,24658436.412,129580953.093,3459.51,38.406,20665396.198,108597399.27,1516.076,50.125,20588879.992,108195287.947,-1407.128,50.688
2019-02-02 15:33:40,21716149.768,114119123.4,-1219.72,50.062,24657778.003,129577493.626,3459.435,38.281,20665107.738,108595883.395,1515.589,50.094,20589147.785,108196695.201,-1407.45,50.594
2019-02-02 15:33:41,21716381.842,114120343.341,-1220.22,50.0,24657119.65,129574034.068,3459.483,38.281,20664819.414,108594368.014,1515.134,50.031,20589415.643,108198102.803,-1407.81,50.594
2019-02-02 15:33:42,21716614.031,114121563.742,-1220.657,50.0,24656461.238,129570574.429,3459.635,38.219,20664531.179,108592853.146,1514.588,49.969,20589683.522,108199510.764,-1408.17,50.531
2019-02-02 15:33:43,21716846.451,114122784.64,-1221.087,50.0,24655802.943,129567114.742,3459.684,37.969,20664242.981,108591338.804,1514.14,50.0,20589951.494,108200919.107,-1408.477,50.531
2019-02-02 15:33:44,21717078.87,114124006.021,-1221.619,49.969,24655144.512,129563655.02,3459.612,38.125,20663954.902,108589825.001,1513.582,50.031,20590219.521,108202327.843,-1408.889,50.625
2019-02-02 15:33:45,21717311.364,114125227.901,-1222.124,50.062,24654486.331,129560195.233,3459.889,38.188,20663666.885,108588311.73,1513.0,50.062,20590487.658,108203736.966,-1409.315,50.656
2019-02-02 15:33:46,21717543.924,114126450.301,-1222.672,49.969,24653828.14,129556735.429,3459.892,38.0,20663379.023,108586799.033,1512.4,49.938,20590755.903,108205146.509,-1409.76,50.688
2019-02-02 15:33:47,21717776.571,114127673.158,-1223.074,49.969,24653169.83,129553275.56,3459.862,37.906,20663091.268,108585286.826,1511.979,50.031,20591024.182,108206556.401,-1410.042,50.594
2019-02-02 15:33:48,21718009.306,114128896.354,-1223.41,49.906,24652511.168,129549815.478,3460.149,37.906,20662803.556,108583775.008,1511.583,50.0,20591292.521,108207966.526,-1410.271,50.562
2019-02-02 15:33:49,21718242.178,114130120.077,-1224.04,49.906,24651852.658,129546355.407,3459.906,37.719,20662515.992,108582263.756,1510.938,50.094,20591560.898,108209377.073,-1410.808,50.562
2019-02-02 15:33:50,21718475.172,114131344.385,-1224.574,49.875,24651194.335,129542895.344,3460.04,38.0,20662228.567,108580753.132,1510.33,50.094,20591829.362,108210788.1,-1411.246,50.625
2019-02-02 15:33:51,21718708.32,114132569.156,-1224.99,49.719,24650536.038,129539435.219,3460.238,37.344,20661941.228,108579243.019,1509.883,50.031,20592097.979,108212199.48,-1411.504,50.625
2019-02-02 15:33:52,21718941.478,114133794.343,-1225.41,49.625,24649877.65,129535974.972,3460.417,37.312,20661653.956,108577733.358,1509.427,50.0,20592366.649,108213611.169,-1411.9,50.531
2019-02-02 15:33:53,21719174.707,114135019.981,-1225.865,49.469,24649218.995,129532514.664,3460.234,37.375,20661366.722,108576224.197,1508.926,50.0,20592635.401,108215023.204,-1412.204,50.438
2019-02-02 15:33:54,21719408.045,114136246.136,-1226.443,49.594,24648560.512,129529054.316,3460.249,37.438,20661079.716,108574715.591,1508.302,50.062,20592904.199,108216435.642,-1412.659,50.344
2019-02-02 15:33:55,21719641.465,114137472.85,-1226.94,49.594,24647901.896,129525593.968,3460.392,37.469,20660792.698,108573207.58,1507.733,50.0,20593173.099,108217848.531,-1413.048,50.469
2019-02-02 15:33:56,21719874.99,114138699.98,-1227.294,49.688,24647243.35,129522133.51,3460.712,37.344,20660505.829,108571700.037,1507.376,50.0,20593442.025,108219261.736,-1413.277,50.469
2019-02-02 15:33:57,21720108.565,114139927.499,-1227.771,49.781,24646584.518,129518672.913,3460.563,37.219,20660218.997,108570192.918,1506.855,50.094,20593711.04,108220675.225,-1413.676,50.438
2019-02-02 15:33:58,21720342.271,114141155.564,-1228.337,49.875,24645926.062,129515212.305,3460.608,37.312,20659932.294,108568686.383,1506.191,50.125,20593980.114,108222089.149,-1414.175,50.5
2019-02-02 15:33:59,21720576.086,114142384.135,-1228.731,49.906,24645267.22,129511751.685,3460.603,37.406,20659645.73,108567180.399,1505.765,50.094,20594249.237,108223503.468,-1414.442,50.531
2019-02-02 15:34:00,21720809.974,114143613.159,-1229.309,50.0,24644608.844,129508290.963,3460.742,37.281,20659359.228,108565674.91,1505.191,50.094,20594518.436,108224918.137,-1414.919,50.562
2019-02-02 15:34:01,21721043.992,114144842.678,-1229.774,50.0,24643950.362,129504830.218,3460.716,37.031,20659072.902,108564169.966,1504.645,50.031,20594787.708,108226333.198,-1415.302,50.562
2019-02-02 15:34:02,21721278.096,114146072.681,-1230.219,50.0,24643292.021,129501369.406,3460.976,37.281,20658786.695,108562665.553,1504.172,50.0,20595057.019,108227748.638,-1415.627,50.562
2019-02-02 15:34:03,21721512.25,114147303.12,-1230.667,49.969,24642633.41,129497908.487,3460.945,37.031,20658500.498,108561161.614,1503.723,49.969,20595326.418,108229164.399,-1415.923,50.5
2019-02-02 15:34:04,21721746.48,114148534.008,-1231.146,50.062,24641974.868,129494447.498,3461.01,37.156,20658214.403,108559658.173,1503.18,50.0,20595595.874,108230580.512,-1416.335,50.469
2019-02-02 15:34:05,21721980.852,114149765.401,-1231.624,49.875,24641316.223,129490986.462,3460.948,36.906,20657928.343,108558155.284,1502.638,49.906,20595865.409,108231997.019,-1416.701,50.531
2019-02-02 15:34:06,21722215.219,114150997.26,-1232.133,49.75,24640657.713,129487525.364,3461.02,37.0,20657642.44,108556652.895,1502.075,49.781,20596135.044,108233413.877,-1417.02,50.375
2019-02-02 15:34:07,21722449.735,114152229.639,-1232.599,49.719,24639999.116,129484064.243,3461.126,36.812,20657356.68,108555151.082,1501.578,49.875,20596404.717,108234831.156,-1417.458,50.344
2019-02-02 15:34:08,21722684.29,114153462.494,-1233.035,49.75,24639340.462,129480603.059,3461.254,37.031,20657071.014,108553649.799,1501.058,49.969,20596674.47,108236248.811,-1417.798,50.312
2019-02-02 15:34:09,21722918.97,114154695.75,-1233.565,49.625,24638681.69,129477141.746,3461.419,36.875,20656785.481,108552148.956,1500.482,49.938,20596944.36,108237666.754,-1418.15,50.344
2019-02-02 15:34:10,21723153.727,114155929.504,-1233.938,49.625,24638023.125,129473680.39,3461.392,36.844,20656499.985,108550648.647,1500.109,49.969,20597214.214,108239085.092,-1418.496,50.375
2019-02-02 15:34:11,21723388.585,114157163.713,-1234.472,49.688,24637364.378,129470218.948,3461.393,36.906,20656214.638,108549148.848,1499.536,50.0,20597484.212,108240503.783,-1418.9,50.344
2019-02-02 15:34:12,21723623.491,114158398.456,-1234.971,49.719,24636705.993,129466757.511,3461.283,37.0,20655929.387,108547649.633,1498.966,50.062,20597754.298,108241922.896,-1419.29,50.406
2019-02-02 15:34:13,21723858.497,114159633.636,-1235.356,49.719,24636047.568,129463295.967,3461.67,36.969,20655644.169,108546150.899,1498.499,50.031,20598024.411,108243342.347,-1419.619,50.438
2019-02-02 15:34:14,21724093.62,114160869.303,-1235.956,49.75,24635388.849,129459834.394,3461.5,36.812,20655359.006,108544652.7,1497.848,50.0,20598294.648,108244762.171,-1420.068,50.438
2019-02-02 15:34:15,21724328.897,114162105.493,-1236.391,49.719,24634729.958,129456372.786,3461.692,36.906,20655073.954,108543155.066,1497.37,50.0,20598564.894,108246182.411,-1420.401,50.406
2019-02-02 15:34:16,21724564.218,114163342.094,-1236.823,49.719,24634071.144,129452911.064,3461.762,37.031,20654789.052,108541657.89,1496.934,50.0,20598835.222,108247602.959,-1420.739,50.375
2019-02-02 15:34:17,21724799.662,114164579.134,-1237.295,49.875,24633412.206,129449449.26,3461.937,36.75,20654504.267,108540161.204,1496.394,50.0,20599105.605,108249023.843,-1421.117,50.406
2019-02-02 15:34:18,21725035.147,114165816.697,-1237.798,49.875,24632753.166,129445987.458,3461.687,37.0,20654219.59,108538665.083,1495.856,50.0,20599376.125,108250445.145,-1421.482,50.469
2019-02-02 15:34:19,21725270.792,114167054.751,-1238.292,50.0,24632094.261,129442525.586,3461.739,36.906,20653935.052,108537169.501,1495.284,50.031,20599646.668,108251866.832,-1421.86,50.406
2019-02-02 15:34:20,21725506.49,114168293.292,-1238.744,49.812,24631435.439,129439063.683,3461.799,37.094,20653650.533,108535674.458,1494.781,49.938,20599917.306,108253288.904,-1422.165,50.5
2019-02-02 15:34:21,21725742.292,114169532.26,-1239.241,49.875,24630776.517,129435601.642,3462.073,37.094,20653366.163,108534179.888,1494.268,49.812,20600187.951,108254711.3,-1422.64,50.406
2019-02-02 15:34:22,21725978.203,114170771.76,-1239.78,49.875,24630117.804,129432139.635,3461.843,36.75,20653081.816,108532685.897,1493.725,49.781,20600458.677,108256134.114,-1423.021,50.375
2019-02-02 15:34:23,21726214.204,114172011.684,-1240.11,49.812,24629459.031,129428677.496,3462.214,36.969,20652797.548,108531192.384,1493.278,49.844,20600729.48,108257557.253,-1423.319,50.406
2019-02-02 15:34:24,21726450.244,114173252.073,-1240.654,49.844,24628800.304,129425215.311,3462.153,36.688,20652513.309,108529699.382,1492.717,49.906,20601000.365,108258980.745,-1423.686,50.406
2019-02-02 15:34:25,21726686.354,114174492.998,-1241.178,49.906,24628141.512,129421753.11,3462.211,36.781,20652229.238,108528206.96,1492.152,49.969,20601271.319,108260404.662,-1424.119,50.469
2019-02-02 15:34:26,21726922.505,114175734.328,-1241.487,49.875,24627482.581,129418290.801,3462.315,36.688,20651945.304,108526715.002,1491.742,50.031,20601542.322,108261828.893,-1424.368,50.5
2019-02-02 15:34:27,21727158.83,114176976.105,-1242.034,49.844,24626823.87,129414828.404,3462.339,36.938,20651661.5,108525223.526,1491.23,50.062,20601813.409,108263253.451,-1424.765,50.594
2019-02-02 15:34:28,21727395.227,114178218.439,-1242.64,49.906,24626164.867,129411366.009,3462.281,36.875,20651377.843,108523732.651,1490.581,50.156,20602084.643,108264678.456,-1425.225,50.625
2019-02-02 15:34:29,21727631.714,114179461.283,-1243.042,49.75,24625505.906,129407903.602,3462.37,37.031,20651094.278,108522242.345,1490.056,50.094,20602355.901,108266103.878,-1425.61,50.656
2019-02-02 15:34:30,21727868.24,114180704.52,-1243.417,49.719,24624846.986,129404441.05,3462.665,36.625,20650810.818,108520752.479,1489.641,50.125,20602627.17,108267529.588,-1425.828,50.562
2019-02-02 15:34:31,21728104.921,114181948.18,-1243.868,49.75,24624188.252,129400978.422,3462.527,37.062,20650527.385,108519263.084,1489.149,50.125,20602898.485,108268955.609,-1426.207,50.562
2019-02-02 15:34:32,21728341.668,114183192.314,-1244.446,49.781,24623529.466,129397515.7,3462.854,36.719,20650244.111,108517774.223,1488.521,50.219,20603169.932,108270382.013,-1426.637,50.594
2019-02-02 15:34:33,21728578.479,114184436.995,-1244.978,49.719,24622870.506,129394053.019,3462.692,36.781,20649960.91,108516285.954,1487.963,50.188,20603441.453,108271808.85,-1427.051,50.625
2019-02-02 15:34:34,21728815.399,114185682.201,-1245.458,49.75,24622211.69,129390590.305,3462.872,36.875,20649677.831,108514798.259,1487.491,50.156,20603713.109,108273236.105,-1427.412,50.594
2019-02-02 15:34:35,21729052.459,114186927.825,-1245.797,49.812,24621552.497,129387127.521,3462.767,36.875,20649394.842,108513311.037,1486.991,50.219,20603984.777,108274663.677,-1427.727,50.562
2019-02-02 15:34:36,21729289.602,114188173.874,-1246.305,49.844,24620893.414,129383664.59,3463.009,36.688,20649111.956,108511824.293,1486.432,50.25,20604256.525,108276091.563,-1428.106,50.625
2019-02-02 15:34:37,21729526.896,114189420.399,-1246.742,49.781,24620234.292,129380201.635,3463.112,36.875,20648829.076,108510338.078,1485.936,50.25,20604528.316,108277519.819,-1428.428,50.594
2019-02-02 15:34:38,21729764.296,114190667.434,-1247.325,49.719,24619575.518,129376738.665,3462.945,36.656,20648546.36,108508852.427,1485.342,50.219,20604800.119,108278948.479,-1428.883,50.594
2019-02-02 15:34:39,21730001.655,114191914.927,-1247.718,49.812,24618916.454,129373275.581,3463.137,36.812,20648263.749,108507367.281,1484.919,50.281,20605072.007,108280377.489,-1429.15,50.656
2019-02-02 15:34:40,21730239.187,114193162.874,-1248.248,49.75,24618257.679,129369812.444,3462.877,36.594,20647981.299,108505882.641,1484.296,50.25,20605344.055,108281806.848,-1429.6,50.625
2019-02-02 15:34:41,21730476.719,114194411.314,-1248.702,49.719,24617598.479,129366349.263,3463.111,36.75,20647698.871,108504398.548,1483.811,50.281,20605616.109,108283236.597,-1429.958,50.625
2019-02-02 15:34:42,21730714.383,114195660.249,-1249.121,49.781,24616939.483,129362886.078,3463.085,36.719,20647416.556,108502915.0,1483.29,50.312,20605888.289,108284666.734,-1430.297,50.688
2019-02-02 15:34:43,21730952.136,114196909.648,-1249.594,49.75,24616280.295,129359422.775,3463.347,36.625,20647134.347,108501431.96,1482.789,50.312,20606160.495,108286097.222,-1430.643,50.656
2019-02-02 15:34:44,21731189.858,114198159.452,-1249.969,49.844,24615621.335,129355959.378,3463.447,36.688,20646852.173,108499949.374,1482.349,50.281,20606432.743,108287528.014,-1430.907,50.75
2019-02-02 15:34:45,21731427.752,114199409.707,-1250.518,49.812,24614961.984,129352495.877,3463.527,36.625,20646570.093,108498467.289,1481.744,50.312,20606705.101,108288959.146,-1431.378,50.75
2019-02-02 15:34:46,21731665.742,114200660.505,-1251.089,49.875,24614302.917,129349032.423,3463.418,36.594,20646288.116,108496985.798,1481.225,50.344,20606977.562,108290390.718,-1431.8,50.75
2019-02-02 15:34:47,21731903.849,114201911.811,-1251.549,49.938,24613643.663,129345568.91,3463.702,36.531,20646006.256,108495504.874,1480.641,50.406,20607250.069,108291822.695,-1432.17,50.812
2019-02-02 15:34:48,21732142.109,114203163.603,-1251.966,49.938,24612984.813,129342105.385,3463.6,36.5,20645724.514,108494024.483,1480.155,50.406,20607522.622,108293255.049,-1432.485,50.781
2019-02-02 15:34:49,21732380.455,114204415.776,-1252.376,49.938,24612325.73,129338641.682,3463.831,36.312,20645442.865,108492544.53,1479.72,50.375,20607795.3,108294687.682,-1432.74,50.75
2019-02-02 15:34:50,21732618.852,114205668.386,-1252.896,49.875,24611667.014,129335177.913,3463.593,36.25,20645161.355,108491065.061,1479.159,50.344,20608067.934,108296120.647,-1433.177,50.688
2019-02-02 15:34:51,21732857.304,114206921.571,-1253.452,49.969,24611008.071,129331714.169,3463.983,36.469,20644879.968,108489586.219,1478.577,50.375,20608340.702,108297554.089,-1433.615,50.75
2019-02-02 15:34:52,21733095.853,114208175.198,-1253.857,50.0,24610348.867,129328250.36,3463.741,36.25,20644598.663,108488107.88,1478.094,50.438,20608613.517,108298987.869,-1433.919,50.781
2019-02-02 15:34:53,21733334.523,114209429.311,-1254.365,49.906,24609689.893,129324786.478,3463.98,36.125,20644317.502,108486630.072,1477.547,50.375,20608886.499,108300422.025,-1434.327,50.75
2019-02-02 15:34:54,21733573.259,114210683.915,-1254.929,49.938,24609030.801,129321322.577,3463.899,36.25,20644036.466,108485152.811,1476.925,50.375,20609159.472,108301856.567,-1434.739,50.812
2019-02-02 15:34:55,21733812.058,114211938.998,-1255.262,49.906,24608371.654,129317858.628,3464.007,36.281,20643755.503,108483676.083,1476.479,50.344,20609432.514,108303291.485,-1435.061,50.75
2019-02-02 15:34:56,21734050.897,114213194.448,-1255.677,50.031,24607712.623,129314394.524,3464.337,36.281,20643474.58,108482199.782,1476.048,50.469,20609705.632,108304726.669,-1435.353,50.844
2019-02-02 15:34:57,21734289.895,114214450.388,-1256.224,50.0,24607053.306,129310930.371,3464.308,36.156,20643193.72,108480724.019,1475.449,50.438,20609978.803,108306162.231,-1435.796,50.844
2019-02-02 15:34:58,21734529.037,114215706.815,-1256.679,50.0,24606393.929,129307466.181,3464.377,36.406,20642912.923,108479248.804,1474.908,50.438,20610252.023,108307598.178,-1436.16,50.844
2019-02-02 15:34:59,21734768.262,114216963.768,-1257.2,50.062,24605734.667,129304002.003,3464.26,36.156,20642632.258,108477774.165,1474.369,50.469,20610525.29,108309034.541,-1436.556,50.906
2019-02-02 15:35:00,21735007.575,114218221.176,-1257.614,50.0,24605075.766,129300537.745,3464.679,35.781,20642351.704,108476300.039,1473.898,50.406,20610798.677,108310471.257,-1436.878,50.844
2019-02-02 15:35:01,21735246.944,114219478.987,-1257.961,50.0,24604416.49,129297073.356,3464.744,35.781,20642071.312,108474826.364,1473.458,50.406,20611072.14,108311908.262,-1437.095,50.875
2019-02-02 15:35:02,21735486.365,114220737.216,-1258.509,50.031,24603757.137,129293608.901,3464.245,35.469,20641790.977,108473353.167,1472.917,50.438,20611345.618,108313345.591,-1437.52,50.875
2019-02-02 15:35:03,21735725.911,114221995.953,-1259.012,50.0,24603097.68,129290144.378,3464.463,36.094,20641510.731,108471880.532,1472.345,50.438,20611619.199,108314783.318,-1437.958,50.906
2019-02-02 15:35:04,21735965.612,114223255.28,-1259.648,50.0,24602438.482,129286679.931,3464.567,35.531,20641230.66,108470408.54,1471.647,50.469,20611892.878,108316221.528,-1438.449,50.875
2019-02-02 15:35:05,21736205.346,114224515.061,-1259.958,50.031,24601779.307,129283215.439,3464.669,36.219,20640950.667,108468937.061,1471.322,50.531,20612166.641,108317660.088,-1438.645,50.969
2019-02-02 15:35:06,21736445.139,114225775.192,-1260.421,50.031,24601119.818,129279750.742,3464.582,35.844,20640670.811,108467465.981,1470.771,50.469,20612440.439,108319098.881,-1438.98,50.969
2019-02-02 15:35:07,21736685.031,114227035.904,-1260.958,50.031,24600460.413,129276286.131,3464.202,36.062,20640391.019,108465995.535,1470.168,50.469,20612714.325,108320538.152,-1439.488,50.906
2019-02-02 15:35:08,21736925.034,114228297.117,-1261.421,49.969,24599800.721,129272821.498,3464.76,35.969,20640111.289,108464525.66,1469.65,50.438,20612988.284,108321977.83,-1439.833,50.906
2019-02-02 15:35:09,21737165.154,114229558.766,-1261.881,49.938,24599141.561,129269356.74,3464.804,35.844,20639831.641,108463056.264,1469.166,50.406,20613262.304,108323417.828,-1440.174,50.906
2019-02-02 15:35:10,21737405.269,114230820.822,-1262.252,49.875,24598481.96,129265891.854,3465.121,35.906,20639552.119,108461587.331,1468.707,50.344,20613536.445,108324858.13,-1440.424,50.781
2019-02-02 15:35:11,21737645.458,114232083.305,-1262.76,50.0,24597822.622,129262426.907,3464.863,35.688,20639272.596,108460118.883,1468.125,50.438,20613810.589,108326298.755,-1440.855,50.906
2019-02-02 15:35:12,21737885.794,114233346.344,-1263.283,50.0,24597163.327,129258961.997,3464.512,35.75,20638993.296,108458651.044,1467.559,50.469,20614084.85,108327739.826,-1441.279,50.875
2019-02-02 15:35:13,21738126.247,114234609.885,-1263.741,49.906,24596503.957,129255497.036,3464.998,35.438,20638714.036,108457183.769,1467.0,50.344,20614359.117,108329181.289,-1441.616,50.75
2019-02-02 15:35:14,21738366.789,114235873.834,-1264.154,49.875,24595844.506,129252031.984,3465.094,35.375,20638434.914,108455716.956,1466.586,50.281,20614633.474,108330623.06,-1441.893,50.75
2019-02-02 15:35:15,21738607.338,114237138.246,-1264.653,49.844,24595185.274,129248566.841,3465.121,35.25,20638155.808,108454250.657,1466.025,50.188,20614907.895,108332065.193,-1442.361,50.656
2019-02-02 15:35:16,21738848.018,114238403.176,-1265.124,49.812,24594525.6,129245101.708,3465.172,35.719,20637876.881,108452784.94,1465.491,50.156,20615182.354,108333507.733,-1442.696,50.688
2019-02-02 15:35:17,21739088.83,114239668.53,-1265.543,49.906,24593866.037,129241636.474,3465.137,35.406,20637598.052,108451319.7,1465.065,50.25,20615456.887,108334950.59,-1442.995,50.75
2019-02-02 15:35:18,21739329.701,114240934.306,-1266.068,49.875,24593206.949,129238171.136,3465.144,35.188,20637319.355,108449854.943,1464.445,50.25,20615731.531,108336393.765,-1443.373,50.812
2019-02-02 15:35:19,21739570.664,114242200.636,-1266.548,49.906,24592547.604,129234705.816,3465.612,35.469,20637040.732,108448390.805,1463.857,50.281,20616006.293,108337837.389,-1443.775,50.781
2019-02-02 15:35:20,21739811.766,114243467.451,-1267.022,49.844,24591888.121,129231240.491,3465.071,35.906,20636762.281,108446927.21,1463.342,50.25,20616281.118,108339281.402,-1444.166,50.75
2019-02-02 15:35:21,21740052.954,114244734.721,-1267.453,49.812,24591228.284,129227775.082,3465.205,35.625,20636483.872,108445464.126,1462.865,50.219,20616556.002,108340725.758,-1444.485,50.719
2019-02-02 15:35:22,21740294.19,114246002.425,-1267.963,49.844,24590568.986,129224309.569,3465.289,35.531,20636205.604,108444001.531,1462.346,50.25,20616830.982,108342170.443,-1444.864,50.719
2019-02-02 15:35:23,21740535.518,114247270.635,-1268.456,49.781,24589909.749,129220844.007,3465.546,35.25,20635927.401,108442539.496,1461.76,50.094,20617105.942,108343615.512,-1445.275,50.594
2019-02-02 15:35:24,21740777.005,114248539.325,-1268.934,49.781,24589250.546,129217378.45,3465.473,35.156,20635649.312,108441077.995,1461.286,50.094,20617381.025,108345060.961,-1445.575,50.531
2019-02-02 15:35:25,21741018.495,114249808.44,-1269.299,49.812,24588590.832,129213912.778,3465.759,35.125,20635371.325,108439616.982,1460.756,50.094,20617656.138,108346506.722,-1445.951,50.5
2019-02-02 15:35:26,21741260.099,114251078.001,-1269.813,49.812,24587931.289,129210446.997,3465.805,35.219,20635093.343,108438156.472,1460.274,50.125,20617931.281,108347952.827,-1446.305,50.562
2019-02-02 15:35:27,21741501.77,114252348.086,-1270.359,49.875,24587271.306,129206981.266,3465.765,35.312,20634815.547,108436696.546,1459.615,50.219,20618206.493,108349399.349,-1446.798,50.594
2019-02-02 15:35:28,21741743.582,114253618.651,-1270.804,49.844,24586611.734,129203515.463,3465.837,35.25,20634537.799,108435237.161,1459.093,50.188,20618481.804,108350846.248,-1447.054,50.562
2019-02-02 15:35:29,21741985.424,114254889.583,-1271.075,49.875,24585951.895,129200049.534,3465.82,35.0,20634260.164,108433778.205,1458.784,50.25,20618757.163,108352293.418,-1447.264,50.594
2019-02-02 15:35:30,21742227.34,114256160.972,-1271.674,49.719,24585292.365,129196583.514,3465.94,34.906,20633982.573,108432319.763,1458.089,50.156,20619032.611,108353740.939,-1447.752,50.531
2019-02-02 15:35:31,21742469.408,114257432.895,-1272.132,49.781,24584632.855,129193117.501,3466.145,35.219,20633705.15,108430861.902,1457.632,50.188,20619308.141,108355188.88,-1448.098,50.531
2019-02-02 15:35:32,21742711.554,114258705.28,-1272.633,49.906,24583973.565,129189651.46,3465.988,35.281,20633427.881,108429404.581,1457.062,50.188,20619583.752,108356637.19,-1448.465,50.531
2019-02-02 15:35:33,21742953.712,114259978.101,-1273.076,49.969,24583313.83,129186185.325,3466.054,34.938,20633150.679,108427947.749,1456.605,50.219,20619859.442,108358085.821,-1448.805,50.594
2019-02-02 15:35:34,21743196.014,114261251.458,-1273.63,50.0,24582654.127,129182719.186,3466.253,35.125,20632873.565,108426491.516,1455.949,50.188,20620135.192,108359534.876,-1449.221,50.688
2019-02-02 15:35:35,21743438.364,114262525.238,-1273.96,50.125,24581994.952,129179252.967,3466.264,35.281,20632596.476,108425035.766,1455.534,50.281,20620410.999,108360984.26,-1449.499,50.688
2019-02-02 15:35:36,21743680.771,114263799.452,-1274.459,50.125,24581335.56,129175786.663,3466.45,35.344,20632319.594,108423580.505,1455.004,50.281,20620686.904,108362433.971,-1449.938,50.75
2019-02-02 15:35:37,21743923.303,114265074.096,-1274.85,50.125,24580676.159,129172320.261,3466.83,35.281,20632042.795,108422125.745,1454.488,50.25,20620962.833,108363884.006,-1450.167,50.719
2019-02-02 15:35:38,21744165.997,114266349.257,-1275.441,50.094,24580016.846,129168853.851,3466.658,35.25,20631766.07,108420671.558,1453.829,50.125,20621238.869,108365334.457,-1450.679,50.688
2019-02-02 15:35:39,21744408.865,114267624.972,-1275.979,50.094,24579357.139,129165387.506,3466.214,34.781,20631489.447,108419217.977,1453.291,50.094,20621514.92,108366785.353,-1451.122,50.625
2019-02-02 15:35:40,21744651.688,114268901.143,-1276.351,49.969,24578697.416,129161921.062,3466.67,34.812,20631212.969,108417764.924,1452.817,50.031,20621791.046,108368236.598,-1451.364,50.625
2019-02-02 15:35:41,21744894.617,114270177.701,-1276.776,50.0,24578038.239,129158454.491,3466.699,34.969,20630936.568,108416312.326,1452.364,50.062,20622067.192,108369688.14,-1451.701,50.5
2019-02-02 15:35:42,21745137.658,114271454.694,-1277.25,50.0,24577378.62,129154987.871,3466.721,35.062,20630660.23,108414860.226,1451.817,50.062,20622343.48,108371140.008,-1452.056,50.5
2019-02-02 15:35:43,21745380.785,114272732.184,-1277.664,49.969,24576718.689,129151521.197,3466.758,34.656,20630383.997,108413408.681,1451.267,50.031,20622619.849,108372592.27,-1452.427,50.5
2019-02-02 15:35:44,21745623.98,114274010.197,-1278.294,49.906,24576058.973,129148054.514,3466.808,34.75,20630107.9,108411957.723,1450.671,50.031,20622896.348,108374044.947,-1452.887,50.469
2019-02-02 15:35:45,21745867.195,114275288.632,-1278.614,49.906,24575399.234,129144587.756,3466.876,34.688,20629831.893,108410507.248,1450.259,50.0,20623172.908,108375497.94,-1453.161,50.406
2019-02-02 15:35:46,21746110.576,114276567.484,-1279.144,49.906,24574739.493,129141120.892,3466.951,34.906,20629555.991,108409057.251,1449.657,49.969,20623449.476,108376951.245,-1453.542,50.375
2019-02-02 15:35:47,21746354.014,114277846.881,-1279.645,49.906,24574079.729,129137654.046,3466.96,34.906,20629280.182,108407607.852,1449.14,49.969,20623726.149,108378404.988,-1453.957,50.375
2019-02-02 15:35:48,21746597.618,114279126.733,-1280.061,49.844,24573420.149,129134187.151,3466.761,34.719,20629004.483,108406158.975,1448.617,49.938,20624002.906,108379859.08,-1454.267,50.375
2019-02-02 15:35:49,21746841.294,114280407.03,-1280.463,49.812,24572760.088,129130720.157,3467.188,34.906,20628728.876,108404710.606,1448.103,49.875,20624279.632,108381313.511,-1454.615,50.281
2019-02-02 15:35:50,21747085.031,114281687.794,-1280.988,49.812,24572100.069,129127253.144,3466.867,34.875,20628453.351,108403262.763,1447.6,49.844,20624556.447,108382768.304,-1454.927,50.25
2019-02-02 15:35:51,21747328.828,114282969.031,-1281.491,49.781,24571440.127,129123786.055,3467.147,35.094,20628177.909,108401815.456,1447.051,49.844,20624833.373,108384223.463,-1455.357,50.25
2019-02-02 15:35:52,21747572.691,114284250.761,-1281.99,49.719,24570780.287,129120318.935,3467.334,35.219,20627902.561,108400368.713,1446.434,49.781,20625110.304,108385679.016,-1455.751,50.25
2019-02-02 15:35:53,21747816.67,114285532.962,-1282.445,49.781,24570120.71,129116851.788,3467.583,35.062,20627627.296,108398922.498,1445.932,49.812,20625387.348,108387134.935,-1456.109,50.25
2019-02-02 15:35:54,21748060.662,114286815.57,-1282.842,49.781,24569460.93,129113384.531,3467.295,35.312,20627352.127,108397476.754,1445.477,49.844,20625664.451,108388591.154,-1456.402,50.281
2019-02-02 15:35:55,21748304.813,114288098.618,-1283.25,49.875,24568801.063,129109917.186,3467.688,35.438,20627077.078,108396031.506,1445.003,49.844,20625941.588,108390047.706,-1456.693,50.344
2019-02-02 15:35:56,21748548.979,114289382.124,-1283.802,49.875,24568141.625,129106449.789,3467.423,35.094,20626802.16,108394586.795,1444.386,49.906,20626218.797,108391504.622,-1457.152,50.344
2019-02-02 15:35:57,21748793.322,114290666.202,-1284.367,49.906,24567481.545,129102982.453,3467.21,35.125,20626527.42,108393142.711,1443.767,49.938,20626496.141,108392961.992,-1457.594,50.375
2019-02-02 15:35:58,21749037.761,114291950.767,-1284.809,49.906,24566821.808,129099515.067,3467.475,35.406,20626252.777,108391699.185,1443.29,49.906,20626773.543,108394419.753,-1457.947,50.406
2019-02-02 15:35:59,21749282.32,114293235.744,-1285.154,49.875,24566162.197,129096047.574,3467.667,35.656,20625978.158,108390256.138,1442.815,49.906,20627051.01,108395877.828,-1458.197,50.375
2019-02-02 15:36:00,21749526.961,114294521.142,-1285.666,49.719,24565502.198,129092579.996,3467.58,35.562,20625703.625,108388813.577,1442.275,49.844,20627328.52,108397336.215,-1458.596,50.344
2019-02-02 15:36:01,21749771.686,114295807.036,-1286.102,49.812,24564842.199,129089112.431,3467.405,35.25,20625429.276,108387371.571,1441.734,49.938,20627606.126,108398794.992,-1458.919,50.25
2019-02-02 15:36:02,21750016.477,114297093.371,-1286.549,49.812,24564182.243,129085644.738,3467.772,35.625,20625154.979,108385930.081,1441.312,49.938,20627883.819,108400254.116,-1459.3,50.375
2019-02-02 15:36:03,21750261.344,114298380.137,-1287.064,49.812,24563522.504,129082177.003,3467.913,35.5,20624880.811,108384489.085,1440.683,49.875,20628161.563,108401713.559,-1459.642,50.344
2019-02-02 15:36:04,21750506.339,114299667.464,-1287.588,49.875,24562862.814,129078709.315,3467.665,35.5,20624606.749,108383048.712,1440.075,50.0,20628439.337,108403173.454,-1460.118,50.281
2019-02-02 15:36:05,21750751.471,114300955.239,-1287.993,49.938,24562202.846,129075241.524,3467.933,35.875,20624332.801,108381608.856,1439.579,50.062,20628717.28,108404633.694,-1460.432,50.375
2019-02-02 15:36:06,21750996.623,114302243.451,-1288.468,49.875,24561542.926,129071773.683,3467.801,35.969,20624058.897,108380169.498,1439.123,50.062,20628995.215,108406094.258,-1460.74,50.469
2019-02-02 15:36:07,21751241.881,114303532.113,-1288.895,49.75,24560883.107,129068305.753,3468.02,35.906,20623785.073,108378730.659,1438.589,50.031,20629273.146,108407555.149,-1461.032,50.406
2019-02-02 15:36:08,21751487.196,114304821.217,-1289.337,49.719,24560222.938,129064837.77,3468.093,36.344,20623511.352,108377292.34,1438.07,50.094,20629551.149,108409016.395,-1461.413,50.375
2019-02-02 15:36:09,21751732.573,114306110.79,-1289.86,49.719,24559563.087,129061369.738,3467.945,35.938,20623237.699,108375854.548,1437.488,50.062,20629829.278,108410477.993,-1461.855,50.344
2019-02-02 15:36:10,21751978.121,114307400.887,-1290.309,49.781,24558902.977,129057901.711,3468.071,35.594,20622964.198,108374417.345,1436.945,50.062,20630107.477,108411940.006,-1462.148,50.375
2019-02-02 15:36:11,21752223.624,114308691.376,-1290.696,49.812,24558243.084,129054433.569,3468.155,35.969,20622690.807,108372980.597,1436.501,50.031,20630385.815,108413402.312,-1462.519,50.406
2019-02-02 15:36:12,21752469.209,114309982.358,-1291.242,49.812,24557583.299,129050965.389,3468.049,35.688,20622417.491,108371544.416,1435.917,50.0,20630664.184,108414865.007,-1462.87,50.406
2019-02-02 15:36:13,21752714.955,114311273.785,-1291.693,49.812,24556923.112,129047497.14,3468.581,35.938,20622144.292,108370108.743,1435.373,49.938,20630942.661,108416328.043,-1463.209,50.312
2019-02-02 15:36:14,21752960.752,114312565.777,-1292.269,49.781,24556263.079,129044028.993,3468.164,35.938,20621871.138,108368673.701,1434.743,49.875,20631221.146,108417791.541,-1463.699,50.281
2019-02-02 15:36:15,21753206.71,114313858.212,-1292.606,49.719,24555602.987,129040560.717,3468.741,35.844,20621598.222,108367239.173,1434.325,49.844,20631499.722,108419255.381,-1463.955,50.25
2019-02-02 15:36:16,21753452.751,114315151.062,-1293.136,49.719,24554942.999,129037092.372,3468.337,36.094,20621325.376,108365805.129,1433.729,49.844,20631778.335,108420719.53,-1464.36,50.25
2019-02-02 15:36:17,21753698.942,114316444.346,-1293.472,49.75,24554283.012,129033623.951,3468.306,36.031,20621052.545,108364371.579,1433.339,49.906,20632057.039,108422184.001,-1464.593,50.25
2019-02-02 15:36:18,21753945.219,114317738.09,-1293.994,49.719,24553622.648,129030155.443,3468.447,36.188,20620779.854,108362938.551,1432.779,49.906,20632335.777,108423648.824,-1465.009,50.25
2019-02-02 15:36:19,21754191.512,114319032.29,-1294.448,49.688,24552962.696,129026686.879,3468.713,36.406,20620507.249,108361506.047,1432.174,49.906,20632614.586,108425113.997,-1465.388,50.219
2019-02-02 15:36:20,21754437.926,114320326.996,-1294.959,49.688,24552302.879,129023218.339,3468.538,36.375,20620234.733,108360074.111,1431.64,49.938,20632893.498,108426579.576,-1465.757,50.156
2019-02-02 15:36:21,21754684.394,114321622.235,-1295.544,49.75,24551643.067,129019749.782,3468.554,36.562,20619962.375,108358642.775,1431.036,50.031,20633172.484,108428045.585,-1466.212,50.281
2019-02-02 15:36:22,21754930.959,114322917.902,-1295.845,49.719,24550983.075,129016281.161,3468.817,36.312,20619690.079,108357211.941,1430.642,50.031,20633451.463,108429511.917,-1466.43,50.25
2019-02-02 15:36:23,21755177.448,114324213.922,-1296.305,49.719,24550323.299,129012812.381,3469.039,36.219,20619417.904,108355781.532,1430.106,50.031,20633730.578,108430978.501,-1466.77,50.312
2019-02-02 15:36:24,21755424.188,114325510.421,-1296.773,49.812,24549662.871,129009343.593,3468.613,36.156,20619145.822,108354351.662,1429.586,50.125,20634009.741,108432445.453,-1467.15,50.312
2019-02-02 15:36:25,21755671.002,114326807.406,-1297.161,49.719,24549002.741,129005874.758,3468.857,36.375,20618873.791,108352922.359,1429.073,50.125,20634288.96,108433912.788,-1467.445,50.281
2019-02-02 15:36:26,21755917.915,114328104.88,-1297.716,49.844,24548342.784,129002405.894,3469.096,36.375,20618601.903,108351493.602,1428.499,50.188,20634568.269,108435380.509,-1467.899,50.406
2019-02-02 15:36:27,21756164.893,114329402.842,-1298.217,49.812,24547682.457,128998937.031,3468.741,36.812,20618330.11,108350065.408,1427.864,50.188,20634847.674,108436848.616,-1468.301,50.406
2019-02-02 15:36:28,21756411.923,114330701.279,-1298.657,49.75,24547022.091,128995468.078,3469.066,36.5,20618058.452,108348637.755,1427.437,50.188,20635127.101,108438317.098,-1468.629,50.375
2019-02-02 15:36:29,21756659.072,114332000.134,-1299.081,49.75,24546361.819,128991999.075,3468.99,36.562,20617786.92,108347210.595,1426.896,50.219,20635406.646,108439785.891,-1468.927,50.469
2019-02-02 15:36:30,21756906.301,114333299.441,-1299.548,49.875,24545701.496,128988530.009,3469.101,36.719,20617515.368,108345783.948,1426.416,50.219,20635686.237,108441255.041,-1469.338,50.469
2019-02-02 15:36:31,21757153.64,114334599.224,-1299.989,49.875,24545041.214,128985060.878,3468.939,36.688,20617243.994,108344357.851,1425.842,50.219,20635965.849,108442724.549,-1469.645,50.5
2019-02-02 15:36:32,21757401.05,114335899.454,-1300.458,49.938,24544381.431,128981591.717,3469.034,37.0,20616972.788,108342932.275,1425.303,50.281,20636245.575,108444194.419,-1470.078,50.5
2019-02-02 15:36:33,21757648.531,114337200.125,-1300.872,49.938,24543721.291,128978122.47,3469.167,36.875,20616701.585,108341507.211,1424.808,50.281,20636525.268,108445664.613,-1470.354,50.562
2019-02-02 15:36:34,21757896.146,114338501.269,-1301.374,49.938,24543061.445,128974653.171,3469.315,37.0,20616430.518,108340082.68,1424.254,50.344,20636805.075,108447135.176,-1470.794,50.594
2019-02-02 15:36:35,21758143.837,114339802.881,-1301.854,49.906,24542401.357,128971183.851,3469.315,36.906,20616159.503,108338658.7,1423.721,50.281,20637084.951,108448606.104,-1471.111,50.562
2019-02-02 15:36:36,21758391.635,114341104.964,-1302.29,49.875,24541741.163,128967714.491,3469.34,36.875,20615888.603,108337235.264,1423.165,50.25,20637364.918,108450077.413,-1471.479,50.594
2019-02-02 15:36:37,21758639.526,114342407.487,-1302.731,49.969,24541080.757,128964245.05,3469.541,37.156,20615617.808,108335812.335,1422.686,50.281,20637645.013,108451549.043,-1471.82,50.594
2019-02-02 15:36:38,21758887.485,114343710.488,-1303.286,49.844,24540420.373,128960775.586,3469.489,36.875,20615347.101,108334389.954,1422.044,50.25,20637925.166,108453021.045,-1472.282,50.531
2019-02-02 15:36:39,21759135.562,114345013.975,-1303.651,49.906,24539760.36,128957306.101,3469.539,36.969,20615076.543,108332968.133,1421.64,50.188,20638205.298,108454493.433,-1472.521,50.5
2019-02-02 15:36:40,21759383.686,114346317.859,-1304.109,49.906,24539100.115,128953836.499,3469.602,37.219,20614806.088,108331546.783,1421.073,50.219,20638485.591,108455966.102,-1472.874,50.469
2019-02-02 15:36:41,21759631.904,114347622.246,-1304.603,49.906,24538439.71,128950366.874,3469.628,37.156,20614535.719,108330126.013,1420.505,50.219,20638765.901,108457439.179,-1473.276,50.469
2019-02-02 15:36:42,21759880.148,114348927.064,-1305.033,49.938,24537779.607,128946897.184,3469.736,37.25,20614265.475,108328705.748,1419.961,50.25,20639046.293,108458912.582,-1473.597,50.438
2019-02-02 15:36:43,21760128.546,114350232.371,-1305.535,50.0,24537119.568,128943427.482,3469.847,37.188,20613995.312,108327286.037,1419.437,50.344,20639326.695,108460386.375,-1474.014,50.531
2019-02-02 15:36:44,21760377.055,114351538.129,-1305.987,50.031,24536459.212,128939957.727,3469.828,37.406,20613725.235,108325866.855,1418.917,50.406,20639607.179,108461860.515,-1474.345,50.562
2019-02-02 15:36:45,21760625.583,114352844.351,-1306.454,50.0,24535799.215,128936487.893,3469.801,37.25,20613455.279,108324448.203,1418.408,50.344,20639887.72,108463335.012,-1474.646,50.5
2019-02-02 15:36:46,21760874.302,114354151.039,-1306.942,50.0,24535138.865,128933018.055,3469.899,37.5,20613185.453,108323030.092,1417.835,50.312,20640168.373,108464809.877,-1475.058,50.5
2019-02-02 15:36:47,21761123.097,114355458.204,-1307.422,49.969,24534478.435,128929548.161,3469.969,37.438,20612915.72,108321612.528,1417.25,50.281,20640449.038,108466285.112,-1475.439,50.531
2019-02-02 15:36:48,21761371.981,114356765.858,-1307.855,50.0,24533818.268,128926078.254,3469.861,37.5,20612646.076,108320195.525,1416.73,50.25,20640729.842,108467760.733,-1475.807,50.531
2019-02-02 15:36:49,21761620.937,114358073.908,-1308.256,49.938,24533158.035,128922608.238,3469.894,37.5,20612376.527,108318778.994,1416.252,50.188,20641010.756,108469236.639,-1476.07,50.469
2019-02-02 15:36:50,21761869.939,114359382.436,-1308.769,49.938,24532497.548,128919138.182,3469.979,37.406,20612107.059,108317363.015,1415.741,50.094,20641291.71,108470712.925,-1476.432,50.5
2019-02-02 15:36:51,21762119.06,114360691.434,-1309.271,49.969,24531837.02,128915668.11,3470.116,37.594,20611837.672,108315947.579,1415.145,50.094,20641572.728,108472189.579,-1476.861,50.469
2019-02-02 15:36:52,21762368.211,114362000.904,-1309.683,49.938,24531176.584,128912198.007,3470.05,37.531,20611568.492,108314532.689,1414.607,50.031,20641853.833,108473666.597,-1477.213,50.5
2019-02-02 15:36:53,21762617.456,114363310.82,-1310.155,49.906,24530516.118,128908727.828,3470.16,37.875,20611299.375,108313118.314,1414.111,49.969,20642134.998,108475143.947,-1477.485,50.469
2019-02-02 15:36:54,21762866.766,114364621.186,-1310.593,49.938,24529855.85,128905257.581,3470.341,37.625,20611030.227,108311704.466,1413.582,50.031,20642416.181,108476621.648,-1477.855,50.5
2019-02-02 15:36:55,21763116.18,114365931.956,-1310.941,49.875,24529195.598,128901787.24,3470.435,37.688,20610761.264,108310291.088,1413.169,50.031,20642697.491,108478099.663,-1478.203,50.531
2019-02-02 15:36:56,21763365.76,114367243.173,-1311.429,49.75,24528535.108,128898316.83,3470.968,37.406,20610492.388,108308878.245,1412.546,49.875,20642978.808,108479578.021,-1478.569,50.469
2019-02-02 15:36:57,21763615.352,114368554.862,-1311.972,49.656,24527874.645,128894846.433,3470.591,37.75,20610223.631,108307465.94,1411.978,49.812,20643260.157,108481056.747,-1478.937,50.344
2019-02-02 15:36:58,21763865.09,114369867.062,-1312.435,49.719,24527214.503,128891376.012,3470.504,37.406,20609954.965,108306054.224,1411.405,49.812,20643541.628,108482535.882,-1479.369,50.281
2019-02-02 15:36:59,21764114.829,114371179.728,-1312.907,49.719,24526554.172,128887905.563,3470.528,37.344,20609686.407,108304643.046,1410.881,49.906,20643823.118,108484015.369,-1479.639,50.281
2019-02-02 15:37:00,21764364.666,114372492.859,-1313.345,49.844,24525893.848,128884435.06,3470.595,37.438,20609418.004,108303232.407,1410.403,49.906,20644104.751,108485495.224,-1479.97,50.281
2019-02-02 15:37:01,21764614.61,114373806.336,-1313.674,49.844,24525233.313,128880964.382,3470.883,37.969,20609149.702,108301822.189,1409.973,49.938,20644386.376,108486975.315,-1480.184,50.406
2019-02-02 15:37:02,21764864.635,114375120.277,-1314.211,49.812,24524572.906,128877493.691,3470.83,37.812,20608881.455,108300412.515,1409.368,49.906,20644668.124,108488455.776,-1480.684,50.344
2019-02-02 15:37:03,21765114.82,114376434.784,-1314.749,49.844,24523912.337,128874023.085,3470.395,37.969,20608613.383,108299003.486,1408.762,49.906,20644949.927,108489936.693,-1481.125,50.312
2019-02-02 15:37:04,21765365.05,114377749.739,-1315.169,50.0,24523251.786,128870552.366,3470.736,37.938,20608345.417,108297594.979,1408.282,50.0,20645231.757,108491417.953,-1481.436,50.312
2019-02-02 15:37:05,21765615.344,114379065.161,-1315.62,50.062,24522591.474,128867081.627,3471.007,37.906,20608077.515,108296187.013,1407.681,50.062,20645513.681,108492899.565,-1481.759,50.344
2019-02-02 15:37:06,21765865.666,114380381.041,-1316.085,50.094,24521930.987,128863610.85,3470.851,37.906,20607809.717,108294779.58,1407.205,50.094,20645795.684,108494381.531,-1482.102,50.406
2019-02-02 15:37:07,21766116.111,114381697.339,-1316.494,50.188,24521270.171,128860139.972,3470.854,38.25,20607541.982,108293372.64,1406.63,50.125,20646077.726,108495863.813,-1482.475,50.438
2019-02-02 15:37:08,21766366.664,114383014.134,-1317.065,50.156,24520609.62,128856669.111,3470.741,38.25,20607274.333,108291966.28,1406.016,50.094,20646359.856,108497346.492,-1482.905,50.531
2019-02-02 15:37:09,21766617.329,114384331.406,-1317.468,50.188,24519949.102,128853198.195,3470.981,38.125,20607006.773,108290560.465,1405.55,50.094,20646642.05,108498829.537,-1483.177,50.469
2019-02-02 15:37:10,21766868.068,114385649.108,-1317.931,50.188,24519288.676,128849727.201,3470.973,38.25,20606739.353,108289155.153,1405.016,50.125,20646924.339,108500312.906,-1483.572,50.469
2019-02-02 15:37:11,21767118.927,114386967.213,-1318.264,50.094,24518628.141,128846256.091,3471.183,38.438,20606471.96,108287750.317,1404.605,50.062,20647206.669,108501796.572,-1483.8,50.469
2019-02-02 15:37:12,21767369.893,114388285.783,-1318.88,50.062,24517967.71,128842784.968,3471.047,38.094,20606204.743,108286346.028,1403.916,50.062,20647489.088,108503280.595,-1484.249,50.438
2019-02-02 15:37:13,21767620.917,114389604.899,-1319.345,50.062,24517307.247,128839313.881,3471.137,38.219,20605937.621,108284942.36,1403.355,50.031,20647771.582,108504765.073,-1484.651,50.469
2019-02-02 15:37:14,21767872.025,114390924.485,-1319.796,50.062,24516646.646,128835842.769,3471.399,38.188,20605670.595,108283539.237,1402.872,50.062,20648054.152,108506249.914,-1484.973,50.469
2019-02-02 15:37:15,21768123.228,114392244.455,-1320.232,50.094,24515986.123,128832371.541,3471.399,38.094,20605403.623,108282136.579,1402.361,50.031,20648336.755,108507735.038,-1485.32,50.438
2019-02-02 15:37:16,21768374.545,114393564.928,-1320.747,50.094,24515325.73,128828900.32,3471.204,38.219,20605136.796,108280734.508,1401.776,50.062,20648619.506,108509220.563,-1485.731,50.406
2019-02-02 15:37:17,21768625.93,114394885.819,-1321.046,50.125,24514665.134,128825429.015,3471.217,38.25,20604870.132,108279332.932,1401.368,49.969,20648902.273,108510706.402,-1485.96,50.438
2019-02-02 15:37:18,21768877.411,114396207.134,-1321.515,50.031,24514004.485,128821957.611,3471.417,38.156,20604603.532,108277931.859,1400.793,49.875,20649185.073,108512192.555,-1486.326,50.406
2019-02-02 15:37:19,21769128.922,114397528.881,-1321.929,50.031,24513343.815,128818486.165,3471.442,38.188,20604337.06,108276531.3,1400.346,49.938,20649467.992,108513679.037,-1486.533,50.312
2019-02-02 15:37:20,21769380.53,114398851.133,-1322.556,50.0,24512683.37,128815014.715,3471.392,38.312,20604070.632,108275131.33,1399.626,50.0,20649750.981,108515165.937,-1487.152,50.312
2019-02-02 15:37:21,21769632.223,114400173.92,-1322.988,50.0,24512022.583,128811543.278,3471.306,38.219,20603804.28,108273731.959,1399.136,49.969,20650034.019,108516653.257,-1487.506,50.312
2019-02-02 15:37:22,21769883.943,114401497.081,-1323.366,49.75,24511361.895,128808071.724,3471.531,38.375,20603538.063,108272333.054,1398.667,49.875,20650317.09,108518140.85,-1487.789,50.281
2019-02-02 15:37:23,21770135.78,114402820.707,-1323.873,49.906,24510701.451,128804600.129,3471.602,38.125,20603271.984,108270934.687,1398.05,50.031,20650600.208,108519628.802,-1488.152,50.188
2019-02-02 15:37:24,21770387.692,114404144.8,-1324.298,49.938,24510040.828,128801128.499,3471.739,38.25,20603005.99,108269536.866,1397.559,50.125,20650883.378,108521117.11,-1488.456,50.219
2019-02-02 15:37:25,21770639.705,114405469.301,-1324.701,49.875,24509380.267,128797656.797,3471.703,38.344,20602740.131,108268139.536,1397.054,50.031,20651166.621,108522605.743,-1488.817,50.25
2019-02-02 15:37:26,21770891.8,114406794.263,-1325.254,49.938,24508719.542,128794185.035,3471.697,38.531,20602474.391,108266742.743,1396.456,50.031,20651449.891,108524094.726,-1489.229,50.188
2019-02-02 15:37:27,21771144.084,114408119.783,-1325.773,49.875,24508058.798,128790713.339,3471.622,38.375,20602208.789,108265346.589,1395.828,49.938,20651733.313,108525584.163,-1489.677,50.188
2019-02-02 15:37:28,21771396.414,114409445.761,-1326.199,49.812,24507398.076,128787241.585,3471.787,38.25,20601943.137,108263950.966,1395.325,49.906,20652016.815,108527073.952,-1489.94,50.125
2019-02-02 15:37:29,21771648.829,114410772.151,-1326.611,49.844,24506737.581,128783769.763,3471.697,38.281,20601677.608,108262555.835,1394.855,49.969,20652300.405,108528564.054,-1490.222,50.062
2019-02-02 15:37:30,21771901.36,114412098.944,-1327.006,49.844,24506077.09,128780297.837,3472.033,38.344,20601412.208,108261161.188,1394.422,49.969,20652584.021,108530054.456,-1490.556,50.125
2019-02-02 15:37:31,21772153.944,114413426.178,-1327.36,49.781,24505416.26,128776825.843,3471.942,38.469,20601146.868,108259767.059,1393.916,49.875,20652867.699,108531545.184,-1490.885,50.125
2019-02-02 15:37:32,21772406.603,114414753.89,-1327.978,49.75,24504755.353,128773353.847,3471.978,38.406,20600881.655,108258373.49,1393.244,49.844,20653151.444,108533036.292,-1491.295,50.125
2019-02-02 15:37:33,21772659.367,114416082.148,-1328.587,49.688,24504094.647,128769881.862,3471.874,38.688,20600616.591,108256980.536,1392.612,49.781,20653435.332,108534527.836,-1491.823,50.094
2019-02-02 15:37:34,21772912.271,114417410.916,-1328.976,49.688,24503433.756,128766409.914,3471.983,38.406,20600351.579,108255588.18,1392.095,49.875,20653719.237,108536019.787,-1492.08,50.031
2019-02-02 15:37:35,21773165.267,114418740.036,-1329.327,49.688,24502772.973,128762937.806,3472.058,38.562,20600086.678,108254196.259,1391.678,49.906,20654003.246,108537511.992,-1492.382,50.156
2019-02-02 15:37:36,21773418.27,114420069.546,-1329.724,49.719,24502112.322,128759465.592,3472.182,38.75,20599821.884,108252804.808,1391.193,49.938,20654287.252,108539004.483,-1492.654,50.156
2019-02-02 15:37:37,21773671.293,114421399.482,-1330.073,49.781,24501451.633,128755993.312,3472.229,38.75,20599557.152,108251413.862,1390.744,50.0,20654571.289,108540497.292,-1492.93,50.188
2019-02-02 15:37:38,21773924.447,114422729.928,-1330.701,49.75,24500791.02,128752521.045,3472.221,38.688,20599292.619,108250023.518,1390.024,50.0,20654855.483,108541990.521,-1493.451,50.25
2019-02-02 15:37:39,21774177.699,114424060.941,-1331.289,49.688,24500130.363,128749048.83,3472.133,38.656,20599028.162,108248633.816,1389.422,50.0,20655139.715,108543484.202,-1493.884,50.188
2019-02-02 15:37:40,21774431.015,114425392.393,-1331.622,49.75,24499469.73,128745576.575,3472.333,38.781,20598763.799,108247244.64,1389.003,50.031,20655424.062,108544978.227,-1494.087,50.219
2019-02-02 15:37:41,21774684.462,114426724.167,-1331.965,49.844,24498809.19,128742104.124,3472.593,38.562,20598499.605,108245855.867,1388.521,50.125,20655708.416,108546472.477,-1494.406,50.188
2019-02-02 15:37:42,21774937.988,114428056.439,-1332.596,49.812,24498148.445,128738631.681,3472.447,39.031,20598235.495,108244467.665,1387.86,50.094,20655992.855,108547967.106,-1494.881,50.281
2019-02-02 15:37:43,21775191.574,114429389.161,-1332.849,49.812,24497487.735,128735159.209,3472.569,38.938,20597971.476,108243080.0,1387.437,50.125,20656277.347,108549462.089,-1495.12,50.25
2019-02-02 15:37:44,21775445.271,114430722.325,-1333.313,49.688,24496826.998,128731686.667,3472.554,38.938,20597707.578,108241692.864,1386.939,50.031,20656561.876,108550957.409,-1495.433,50.281
2019-02-02 15:37:45,21775699.085,114432055.931,-1333.896,49.719,24496166.055,128728214.084,3472.427,38.781,20597443.679,108240306.242,1386.322,50.0,20656846.462,108552453.065,-1495.848,50.219
2019-02-02 15:37:46,21775952.931,114433390.014,-1334.346,49.75,24495505.165,128724741.456,3472.673,38.688,20597179.924,108238920.187,1385.759,50.031,20657131.118,108553949.096,-1496.218,50.219
2019-02-02 15:37:47,21776206.935,114434724.571,-1334.765,49.812,24494844.124,128721268.827,3472.637,38.875,20596916.209,108237534.692,1385.206,50.062,20657415.868,108555445.499,-1496.6,50.219
2019-02-02 15:37:48,21776461.01,114436059.589,-1335.195,49.875,24494183.255,128717796.132,3472.907,39.094,20596652.656,108236149.74,1384.664,49.938,20657700.661,108556942.261,-1496.936,50.281
2019-02-02 15:37:49,21776715.088,114437395.034,-1335.64,49.875,24493522.385,128714323.399,3472.726,39.031,20596389.154,108234765.291,1384.149,49.875,20657985.595,108558439.342,-1497.289,50.188
2019-02-02 15:37:50,21776969.371,114438730.958,-1336.103,49.875,24492861.56,128710850.642,3472.837,39.125,20596125.77,108233381.413,1383.609,49.875,20658270.545,108559936.803,-1497.648,50.188
2019-02-02 15:37:51,21777223.716,114440067.276,-1336.505,49.906,24492200.864,128707377.772,3472.984,39.0,20595862.566,108231998.003,1383.101,49.938,20658555.545,108561434.554,-1497.913,50.125
2019-02-02 15:37:52,21777478.168,114441404.076,-1337.06,49.812,24491539.927,128703904.903,3472.775,39.188,20595599.41,108230615.161,1382.505,49.844,20658840.578,108562932.692,-1498.365,50.188
2019-02-02 15:37:53,21777732.699,114442741.347,-1337.493,49.844,24490879.067,128700432.002,3472.937,39.281,20595336.439,108229232.881,1381.99,49.875,20659125.71,108564431.194,-1498.629,50.125
2019-02-02 15:37:54,21777987.229,114444079.069,-1337.943,49.719,24490218.276,128696959.045,3472.909,39.312,20595073.532,108227851.125,1381.476,49.812,20659410.935,108565930.05,-1499.053,50.156
2019-02-02 15:37:55,21778241.848,114445417.214,-1338.336,49.75,24489557.436,128693486.041,3472.982,39.312,20594810.69,108226469.887,1380.94,49.875,20659696.169,108567429.218,-1499.332,50.094
2019-02-02 15:37:56,21778496.564,114446755.827,-1338.914,49.656,24488896.411,128690012.984,3472.989,39.375,20594547.948,108225089.197,1380.358,49.844,20659981.497,108568928.756,-1499.748,50.094
2019-02-02 15:37:57,21778751.374,114448094.959,-1339.39,49.781,24488235.292,128686539.972,3472.952,39.438,20594285.331,108223709.11,1379.808,49.969,20660266.985,108570428.706,-1500.151,50.125
2019-02-02 15:37:58,21779006.292,114449434.531,-1339.766,49.75,24487574.234,128683066.886,3473.076,39.625,20594022.839,108222329.554,1379.357,49.875,20660552.487,108571928.99,-1500.413,50.188
2019-02-02 15:37:59,21779261.259,114450774.544,-1340.224,49.812,24486913.41,128679593.754,3473.005,39.594,20593760.385,108220950.528,1378.74,49.906,20660838.03,108573429.609,-1500.844,50.156
2019-02-02 15:38:00,21779516.311,114452115.005,-1340.659,49.812,24486252.611,128676120.569,3473.231,39.562,20593498.064,108219572.022,1378.299,49.938,20661123.663,108574930.571,-1501.096,50.188
2019-02-02 15:38:01,21779771.425,114453455.792,-1340.965,49.781,24485591.823,128672647.212,3473.372,39.719,20593235.861,108218193.925,1377.891,49.906,20661409.334,108576431.748,-1501.311,50.188
2019-02-02 15:38:02,21780026.664,114454797.046,-1341.62,49.844,24484930.816,128669173.846,3473.183,39.375,20592973.671,108216816.393,1377.188,49.938,20661695.139,108577933.3,-1501.824,50.125
2019-02-02 15:38:03,21780282.004,114456138.871,-1342.051,49.75,24484269.87,128665700.53,3473.268,39.562,20592711.63,108215439.515,1376.594,49.844,20661980.923,108579435.321,-1502.188,50.156
2019-02-02 15:38:04,21780537.448,114457481.161,-1342.46,49.75,24483608.962,128662227.202,3473.333,39.594,20592449.71,108214063.185,1376.103,49.844,20662266.839,108580937.7,-1502.545,50.125
2019-02-02 15:38:05,21780792.904,114458823.889,-1342.998,49.781,24482948.041,128658753.802,3473.286,39.5,20592187.894,108212687.374,1375.468,49.906,20662552.779,108582440.416,-1502.932,50.125
2019-02-02 15:38:06,21781048.536,114460167.021,-1343.327,49.719,24482287.202,128655280.295,3473.743,39.125,20591926.136,108211312.062,1375.095,49.812,20662838.829,108583943.441,-1503.201,50.125
2019-02-02 15:38:07,21781304.192,114461510.594,-1343.834,49.75,24481626.015,128651806.794,3473.5,39.781,20591664.473,108209937.281,1374.498,49.781,20663124.915,108585446.787,-1503.59,50.094
2019-02-02 15:38:08,21781559.948,114462854.661,-1344.305,49.75,24480965.102,128648333.256,3473.625,39.5,20591402.962,108208563.087,1373.932,49.812,20663411.1,108586950.544,-1503.951,50.031
2019-02-02 15:38:09,21781815.837,114464199.223,-1344.827,49.719,24480304.025,128644859.731,3473.46,39.469,20591141.644,108207189.463,1373.341,49.75,20663697.274,108588454.68,-1504.318,50.094
2019-02-02 15:38:10,21782071.755,114465544.194,-1345.181,49.656,24479643.048,128641386.097,3473.694,39.781,20590880.356,108205816.337,1372.859,49.75,20663983.581,108589959.122,-1504.63,50.062
2019-02-02 15:38:11,21782327.766,114466889.572,-1345.565,49.688,24478981.996,128637912.426,3473.662,39.531,20590619.207,108204443.705,1372.356,49.75,20664269.92,108591463.878,-1504.909,50.0
2019-02-02 15:38:12,21782583.91,114468235.451,-1346.139,49.719,24478320.808,128634438.709,3473.761,39.625,20590358.087,108203071.652,1371.743,49.781,20664556.344,108592969.02,-1505.378,50.031
2019-02-02 15:38:13,21782840.131,114469581.787,-1346.552,49.781,24477659.814,128630964.993,3473.697,39.562,20590097.107,108201700.149,1371.219,49.781,20664842.829,108594474.527,-1505.709,50.031
2019-02-02 15:38:14,21783096.439,114470928.607,-1346.999,49.781,24476998.752,128627491.258,3473.767,39.594,20589836.258,108200329.214,1370.738,49.75,20665129.375,108595980.404,-1506.014,50.031
2019-02-02 15:38:15,21783352.785,114472275.87,-1347.505,49.906,24476337.599,128624017.459,3473.837,39.781,20589575.422,108198958.809,1370.107,49.906,20665416.06,108597486.621,-1506.417,50.062
2019-02-02 15:38:16,21783609.276,114473623.522,-1347.815,49.812,24475676.455,128620543.585,3474.088,39.875,20589314.789,108197588.886,1369.678,49.781,20665702.742,108598993.128,-1506.633,50.062
2019-02-02 15:38:17,21783865.782,114474971.556,-1348.296,49.812,24475015.262,128617069.602,3473.938,39.719,20589054.235,108196219.419,1369.193,49.75,20665989.491,108600499.91,-1506.95,50.031
2019-02-02 15:38:18,21784122.451,114476320.127,-1348.877,49.781,24474354.329,128613595.653,3473.866,39.719,20588793.707,108194850.584,1368.551,49.719,20666276.271,108602007.131,-1507.451,50.031
2019-02-02 15:38:19,21784379.123,114477669.205,-1349.263,49.844,24473693.289,128610121.728,3473.902,39.781,20588533.34,108193482.356,1367.984,49.781,20666563.142,108603514.766,-1507.789,50.0
2019-02-02 15:38:20,21784635.858,114479018.696,-1349.616,49.938,24473032.438,128606647.706,3474.095,39.75,20588273.023,108192114.621,1367.555,49.906,20666850.096,108605022.703,-1508.003,50.062
2019-02-02 15:38:21,21784892.716,114480368.599,-1350.093,49.906,24472371.431,128603173.623,3474.115,39.75,20588012.878,108190747.382,1366.982,49.938,20667137.102,108606530.948,-1508.401,50.062
2019-02-02 15:38:22,21785149.71,114481719.03,-1350.692,49.875,24471710.378,128599699.552,3474.144,39.844,20587752.771,108189380.764,1366.331,49.906,20667424.113,108608039.623,-1508.865,50.094
2019-02-02 15:38:23,21785406.835,114483069.863,-1351.019,49.875,24471049.283,128596225.386,3474.285,39.812,20587492.767,108188014.642,1365.844,49.938,20667711.253,108609548.6,-1509.143,50.094
2019-02-02 15:38:24,21785663.996,114484421.135,-1351.475,49.969,24470388.116,128592751.213,3474.089,39.688,20587232.865,108186649.041,1365.338,49.938,20667998.498,108611057.904,-1509.478,50.094
2019-02-02 15:38:25,21785921.277,114485772.853,-1351.908,49.906,24469726.847,128589276.955,3474.272,39.781,20586973.088,108185283.972,1364.759,49.875,20668285.735,108612567.544,-1509.849,50.156
2019-02-02 15:38:26,21786178.509,114487125.01,-1352.398,49.906,24469065.662,128585802.663,3474.176,39.688,20586713.535,108183919.442,1364.214,49.875,20668573.034,108614077.532,-1510.198,50.062
2019-02-02 15:38:27,21786435.924,114488477.674,-1352.865,49.906,24468404.246,128582328.398,3474.268,39.688,20586454.043,108182555.497,1363.703,49.906,20668860.488,108615587.914,-1510.532,50.125
2019-02-02 15:38:28,21786693.411,114489830.814,-1353.356,49.969,24467743.206,128578854.092,3474.317,39.688,20586194.582,108181192.118,1363.159,50.0,20669148.027,108617098.665,-1510.878,50.156
2019-02-02 15:38:29,21786951.025,114491184.317,-1353.697,49.969,24467082.039,128575379.668,3474.508,40.0,20585935.237,108179829.205,1362.634,50.031,20669435.636,108618609.692,-1511.166,50.281
2019-02-02 15:38:30,21787208.664,114492538.302,-1354.241,50.031,24466420.94,128571905.243,3474.421,39.875,20585675.955,108178466.855,1362.105,50.0,20669723.206,108620121.097,-1511.61,50.344
2019-02-02 15:38:31,21787466.341,114493892.748,-1354.64,50.094,24465759.974,128568430.774,3474.485,39.75,20585416.836,108177105.058,1361.464,50.0,20670010.909,108621632.848,-1511.899,50.375
2019-02-02 15:38:32,21787724.224,114495247.697,-1355.145,49.938,24465098.864,128564956.33,3474.471,39.719,20585157.828,108175743.862,1360.948,50.0,20670298.669,108623145.015,-1512.315,50.375
2019-02-02 15:38:33,21787982.142,114496603.017,-1355.456,49.938,24464437.606,128561481.76,3474.775,39.844,20584898.876,108174383.122,1360.614,49.938,20670586.442,108624657.444,-1512.504,50.312
2019-02-02 15:38:34,21788240.157,114497958.708,-1355.918,49.938,24463776.305,128558007.068,3474.696,39.594,20584639.984,108173022.849,1359.962,49.938,20670874.281,108626170.136,-1512.882,50.281
2019-02-02 15:38:35,21788498.215,114499314.881,-1356.414,50.0,24463115.091,128554532.381,3474.479,39.5,20584381.249,108171663.148,1359.379,49.969,20671162.227,108627683.211,-1513.242,50.25
2019-02-02 15:38:36,21788756.318,114500671.512,-1356.869,50.062,24462453.841,128551057.655,3474.659,39.531,20584122.59,108170303.989,1358.891,49.969,20671450.249,108629196.642,-1513.578,50.312
2019-02-02 15:38:37,21789014.582,114502028.65,-1357.422,50.062,24461792.494,128547582.937,3474.658,39.688,20583864.099,108168945.426,1358.197,50.031,20671738.304,108630710.471,-1514.096,50.375
2019-02-02 15:38:38,21789272.9,114503386.282,-1357.772,50.094,24461131.33,128544108.25,3474.817,39.469,20583605.676,108167587.458,1357.781,50.156,20672026.415,108632224.705,-1514.333,50.438
2019-02-02 15:38:39,21789531.347,114504744.277,-1358.179,50.156,24460470.122,128540633.432,3474.844,39.844,20583347.392,108166229.941,1357.27,50.156,20672314.649,108633739.186,-1514.639,50.469
2019-02-02 15:38:40,21789789.851,114506102.739,-1358.7,50.156,24459809.038,128537158.573,3474.825,39.688,20583089.206,108164872.982,1356.629,50.094,20672602.913,108635254.033,-1515.039,50.469
2019-02-02 15:38:41,21790048.472,114507461.732,-1359.221,50.219,24459147.644,128533683.777,3474.698,39.594,20582831.1,108163516.645,1356.028,50.219,20672891.238,108636769.313,-1515.441,50.438
2019-02-02 15:38:42,21790307.222,114508821.124,-1359.568,50.188,24458486.559,128530208.883,3474.939,39.844,20582573.046,108162160.797,1355.604,50.219,20673179.657,108638284.885,-1515.718,50.469
2019-02-02 15:38:43,21790565.972,114510180.913,-1360.029,50.188,24457825.381,128526733.907,3474.898,39.938,20582315.132,108160805.434,1355.064,50.188,20673468.2,108639800.751,-1516.073,50.5
2019-02-02 15:38:44,21790824.811,114511541.181,-1360.507,50.25,24457163.926,128523258.928,3474.927,39.688,20582057.318,108159450.649,1354.483,50.25,20673756.786,108641316.995,-1516.433,50.438
2019-02-02 15:38:45,21791083.718,114512901.931,-1361.014,50.281,24456502.471,128519783.917,3475.071,39.688,20581799.716,108158096.433,1353.903,50.281,20674045.356,108642833.618,-1516.837,50.562
2019-02-02 15:38:46,21791342.761,114514263.121,-1361.419,50.25,24455841.095,128516308.892,3474.922,39.75,20581542.074,108156742.747,1353.462,50.25,20674334.005,108644350.577,-1517.064,50.531
2019-02-02 15:38:47,21791601.896,114515624.721,-1361.853,50.281,24455179.769,128512833.773,3474.904,39.625,20581284.481,108155389.572,1352.867,50.219,20674622.761,108645867.855,-1517.505,50.531
2019-02-02 15:38:48,21791861.054,114516986.811,-1362.31,50.25,24454518.528,128509358.634,3475.066,40.062,20581027.052,108154036.98,1352.307,50.219,20674911.551,108647385.508,-1517.804,50.531
2019-02-02 15:38:49,21792120.356,114518349.337,-1362.741,50.219,24453857.545,128505883.456,3475.235,39.625,20580769.784,108152684.919,1351.765,50.156,20675200.345,108648903.513,-1518.24,50.469
2019-02-02 15:38:50,21792379.739,114519712.337,-1363.18,50.219,24453196.221,128502408.274,3475.207,39.625,20580512.63,108151333.428,1351.217,50.188,20675489.288,108650421.879,-1518.532,50.5
2019-02-02 15:38:51,21792639.132,114521075.775,-1363.675,50.281,24452534.844,128498933.048,3475.298,39.938,20580255.536,108149982.476,1350.681,50.188,20675778.291,108651940.586,-1518.901,50.5
2019-02-02 15:38:52,21792898.708,114522439.661,-1364.062,50.312,24451873.517,128495457.782,3475.482,39.625,20579998.546,108148632.064,1350.238,50.188,20676067.306,108653459.641,-1519.145,50.5
2019-02-02 15:38:53,21793158.307,114523803.893,-1364.391,50.406,24451212.261,128491982.389,3475.478,39.719,20579741.694,108147282.104,1349.739,50.25,20676356.421,108654978.943,-1519.423,50.594
2019-02-02 15:38:54,21793417.946,114525168.525,-1364.892,50.438,24450550.905,128488506.899,3475.54,39.594,20579484.87,108145932.637,1349.185,50.281,20676645.578,108656498.552,-1519.819,50.562
2019-02-02 15:38:55,21793677.717,114526533.674,-1365.399,50.375,24449889.486,128485031.466,3475.445,39.688,20579228.233,108144583.779,1348.53,50.219,20676934.86,108658018.569,-1520.219,50.531
2019-02-02 15:38:56,21793937.56,114527899.36,-1365.93,50.281,24449228.3,128481556.084,3475.406,39.344,20578971.681,108143235.554,1347.929,50.062,20677224.171,108659539.026,-1520.623,50.438
2019-02-02 15:38:57,21794197.522,114529265.461,-1366.291,50.188,24448566.782,128478080.627,3475.478,39.562,20578715.19,108141887.834,1347.453,50.0,20677513.543,108661059.787,-1520.9,50.344
2019-02-02 15:38:58,21794457.622,114530631.994,-1366.787,50.094,24447905.389,128474605.111,3475.465,39.344,20578458.863,108140540.637,1346.881,49.875,20677803.021,108662580.874,-1521.34,50.25
2019-02-02 15:38:59,21794717.719,114531998.96,-1367.165,50.188,24447244.042,128471129.557,3475.586,39.469,20578202.634,108139193.974,1346.408,50.062,20678092.55,108664102.291,-1521.544,50.156
2019-02-02 15:39:00,21794977.946,114533366.346,-1367.58,50.156,24446582.712,128467653.92,3475.652,39.562,20577946.452,108137847.819,1345.937,50.062,20678382.142,108665624.032,-1521.894,50.25
2019-02-02 15:39:01,21795238.26,114534734.198,-1368.087,50.125,24445921.191,128464178.279,3475.464,39.375,20577690.359,108136502.228,1345.305,50.125,20678671.805,108667146.129,-1522.294,50.25
2019-02-02 15:39:02,21795498.655,114536102.569,-1368.593,50.125,24445259.647,128460702.67,3475.531,39.781,20577434.389,108135157.25,1344.702,50.125,20678961.55,108668668.647,-1522.694,50.281
2019-02-02 15:39:03,21795759.103,114537471.388,-1369.011,50.062,24444598.184,128457227.027,3475.644,39.625,20577178.589,108133812.816,1344.161,50.062,20679251.341,108670191.51,-1522.984,50.25
2019-02-02 15:39:04,21796019.647,114538840.611,-1369.438,50.031,24443936.624,128453751.286,3475.718,39.438,20576922.862,108132468.876,1343.685,50.062,20679541.208,108671714.668,-1523.287,50.188
2019-02-02 15:39:05,21796280.293,114540210.25,-1369.808,50.062,24443275.53,128450275.497,3475.75,39.344,20576667.248,108131125.458,1343.151,50.062,20679831.111,108673238.149,-1523.583,50.25
2019-02-02 15:39:06,21796540.966,114541580.329,-1370.353,50.156,24442614.135,128446799.637,3475.974,39.438,20576411.732,108129782.569,1342.582,50.219,20680121.1,108674761.961,-1524.035,50.344
2019-02-02 15:39:07,21796801.755,114542950.925,-1370.8,50.219,24441952.498,128443323.831,3475.815,39.625,20576156.316,108128440.288,1342.008,50.25,20680411.149,108676286.179,-1524.32,50.375
2019-02-02 15:39:08,21797062.754,114544321.94,-1371.255,50.219,24441291.031,128439847.953,3475.932,39.875,20575900.987,108127098.527,1341.526,50.25,20680701.27,108677810.722,-1524.687,50.406
2019-02-02 15:39:09,21797323.767,114545693.364,-1371.654,50.219,24440629.695,128436372.01,3475.914,39.438,20575645.77,108125757.277,1341.0,50.188,20680991.415,108679335.572,-1525.036,50.375
2019-02-02 15:39:10,21797584.847,114547065.248,-1372.186,50.125,24439968.276,128432896.043,3475.919,39.594,20575390.658,108124416.579,1340.412,50.031,20681281.673,108680860.772,-1525.428,50.281
2019-02-02 15:39:11,21797845.964,114548437.612,-1372.618,50.312,24439306.782,128429420.058,3476.039,39.5,20575135.59,108123076.464,1339.801,50.156,20681571.979,108682386.358,-1525.766,50.25
2019-02-02 15:39:12,21798107.194,114549810.422,-1373.026,50.219,24438645.266,128425944.079,3476.219,39.562,20574880.686,108121736.887,1339.349,50.062,20681862.359,108683912.285,-1526.037,50.406
2019-02-02 15:39:13,21798368.55,114551183.625,-1373.484,50.219,24437983.711,128422467.973,3476.147,39.281,20574625.806,108120397.797,1338.773,50.062,20682152.753,108685438.497,-1526.407,50.281
2019-02-02 15:39:14,21798629.966,114552557.31,-1373.936,50.0,24437322.365,128418991.909,3475.919,39.625,20574371.119,108119059.295,1338.218,49.938,20682443.306,108686965.096,-1526.807,50.344
2019-02-02 15:39:15,21798891.467,114553931.466,-1374.417,50.094,24436660.776,128415515.792,3475.936,39.219,20574116.407,108117721.356,1337.637,50.031,20682733.863,108688492.066,-1527.176,50.219
2019-02-02 15:39:16,21799153.019,114555306.079,-1374.877,50.125,24435999.263,128412039.646,3476.341,39.125,20573861.879,108116383.977,1337.088,50.031,20683024.533,108690019.398,-1527.527,50.25
2019-02-02 15:39:17,21799414.674,114556681.153,-1375.281,50.188,24435337.851,128408563.534,3476.087,39.5,20573607.501,108115047.162,1336.552,50.156,20683315.185,108691547.08,-1527.799,50.344
2019-02-02 15:39:18,21799676.351,114558056.573,-1375.604,50.188,24434676.42,128405087.232,3476.544,39.5,20573353.17,108113710.786,1336.184,50.156,20683605.939,108693075.009,-1528.059,50.344
2019-02-02 15:39:19,21799938.205,114559432.396,-1376.041,50.062,24434014.828,128401610.873,3476.359,38.969,20573098.986,108112374.919,1335.602,50.062,20683896.786,108694603.24,-1528.4,50.219
2019-02-02 15:39:20,21800200.109,114560808.703,-1376.555,50.125,24433353.395,128398134.525,3476.279,39.125,20572844.95,108111039.625,1334.963,50.062,20684187.649,108696131.846,-1528.803,50.188
2019-02-02 15:39:21,21800462.063,114562185.513,-1377.056,50.188,24432691.655,128394658.177,3476.65,39.188,20572591.0,108109704.93,1334.403,50.156,20684478.59,108697660.855,-1529.16,50.312
2019-02-02 15:39:22,21800724.1,114563562.837,-1377.555,50.219,24432030.242,128391181.902,3476.153,39.219,20572337.112,108108370.85,1333.767,50.281,20684769.657,108699190.272,-1529.635,50.312
2019-02-02 15:39:23,21800986.291,114564940.525,-1377.822,50.25,24431368.777,128387705.477,3476.483,39.25,20572083.34,108107037.233,1333.408,50.344,20685060.765,108700719.954,-1529.778,50.406
2019-02-02 15:39:24,21801248.546,114566318.602,-1378.33,50.125,24430707.269,128384228.985,3476.468,39.031,20571829.674,108105704.105,1332.83,50.219,20685351.905,108702249.926,-1530.171,50.469
2019-02-02 15:39:25,21801510.88,114567697.108,-1378.707,50.156,24430045.615,128380752.437,3476.352,39.281,20571576.103,108104371.502,1332.303,50.281,20685643.152,108703780.213,-1530.443,50.375
2019-02-02 15:39:26,21801773.287,114569076.106,-1379.266,50.219,24429383.959,128377275.89,3476.568,39.125,20571322.597,108103039.494,1331.672,50.312,20685934.4,108705310.902,-1530.92,50.438
2019-02-02 15:39:27,21802035.823,114570455.606,-1379.764,50.062,24428722.357,128373799.391,3476.333,39.25,20571069.197,108101708.069,1331.158,50.156,20686225.739,108706841.973,-1531.254,50.438
2019-02-02 15:39:28,21802298.377,114571835.544,-1380.13,50.062,24428060.783,128370322.817,3476.638,38.969,20570815.909,108100377.201,1330.665,50.094,20686517.163,108708373.397,-1531.551,50.312
2019-02-02 15:39:29,21802561.078,114573215.859,-1380.571,50.031,24427399.081,128366846.148,3476.71,38.906,20570562.738,108099046.803,1330.118,50.094,20686808.611,108709905.083,-1531.909,50.312
2019-02-02 15:39:30,21802823.865,114574596.656,-1381.09,49.875,24426737.579,128363369.481,3476.775,38.812,20570309.725,108097716.986,1329.479,49.938,20687100.162,108711437.158,-1532.274,50.062
2019-02-02 15:39:31,21803086.767,114575977.974,-1381.51,49.812,24426076.217,128359892.855,3476.729,38.625,20570056.868,108096387.791,1328.931,49.844,20687391.775,108712969.647,-1532.652,50.031
2019-02-02 15:39:32,21803349.607,114577359.654,-1381.85,49.719,24425414.525,128356416.134,3476.73,38.781,20569804.056,108095059.062,1328.551,49.812,20687683.456,108714502.408,-1532.865,49.906
2019-02-02 15:39:33,21803612.646,114578741.727,-1382.312,49.719,24424752.877,128352939.307,3476.604,38.656,20569551.291,108093730.818,1327.931,49.875,20687975.14,108716035.443,-1533.219,49.969
2019-02-02 15:39:34,21803875.764,114580124.284,-1382.813,49.781,24424091.29,128349462.476,3476.956,38.844,20569298.697,108092403.16,1327.328,49.844,20688266.963,108717568.865,-1533.616,50.0
2019-02-02 15:39:35,21804138.966,114581507.255,-1383.191,49.906,24423429.676,128345985.589,3477.086,38.688,20569046.115,108091076.024,1326.873,49.906,20688558.837,108719102.607,-1533.903,50.062
2019-02-02 15:39:36,21804402.246,114582890.673,-1383.648,49.75,24422768.144,128342508.68,3476.984,38.594,20568793.643,108089749.434,1326.3,49.75,20688850.81,108720636.687,-1534.221,50.031
2019-02-02 15:39:37,21804665.504,114584274.574,-1384.17,49.625,24422106.806,128339031.782,3476.817,38.375,20568541.283,108088423.429,1325.693,49.625,20689142.804,108722171.151,-1534.704,49.906
2019-02-02 15:39:38,21804928.903,114585658.914,-1384.539,49.531,24421445.234,128335554.834,3476.894,38.438,20568289.033,108087097.97,1325.198,49.562,20689434.906,108723705.952,-1534.926,49.719
2019-02-02 15:39:39,21805192.448,114587043.687,-1384.986,49.594,24420783.678,128332077.838,3477.074,38.469,20568036.942,108085773.039,1324.639,49.688,20689727.032,108725241.079,-1535.268,49.625
2019-02-02 15:39:40,21805456.077,114588428.911,-1385.424,49.625,24420122.058,128328600.838,3477.015,38.312,20567784.868,108084448.662,1324.137,49.719,20690019.237,108726776.559,-1535.641,49.75
2019-02-02 15:39:41,21805719.734,114589814.611,-1385.895,49.688,24419460.432,128325123.826,3477.073,38.469,20567532.992,108083124.864,1323.558,49.781,20690311.442,108728312.415,-1536.006,49.781
2019-02-02 15:39:42,21805983.484,114591200.733,-1386.321,49.719,24418798.714,128321646.761,3477.111,38.406,20567281.231,108081801.585,1323.002,49.875,20690603.71,108729848.589,-1536.311,49.844
2019-02-02 15:39:43,21806247.379,114592587.282,-1386.729,49.656,24418137.003,128318169.637,3477.135,38.562,20567029.496,108080478.831,1322.479,49.906,20690896.054,108731385.085,-1536.641,49.875
2019-02-02 15:39:44,21806511.343,114593974.3,-1387.279,49.656,24417475.332,128314692.523,3477.203,38.531,20566777.889,108079156.654,1321.903,49.75,20691188.511,108732921.958,-1537.045,49.844
2019-02-02 15:39:45,21806775.348,114595361.782,-1387.714,49.719,24416813.643,128311215.41,3477.079,38.406,20566526.437,108077835.044,1321.266,49.844,20691481.034,108734459.191,-1537.456,49.938
2019-02-02 15:39:46,21807039.446,114596749.672,-1388.049,49.75,24416151.765,128307738.2,3477.345,38.562,20566275.076,108076513.936,1320.929,49.844,20691773.717,108735996.729,-1537.661,49.938
2019-02-02 15:39:47,21807303.683,114598137.963,-1388.503,49.75,24415490.153,128304260.922,3477.167,38.5,20566023.818,108075193.335,1320.305,49.875,20692066.382,108737534.561,-1538.035,49.938
2019-02-02 15:39:48,21807567.997,114599526.767,-1389.051,49.812,24414828.576,128300783.669,3477.237,38.531,20565772.607,108073873.347,1319.67,49.844,20692359.104,108739072.8,-1538.462,49.969
2019-02-02 15:39:49,21807832.322,114600916.021,-1389.411,49.844,24414166.946,128297306.39,3477.398,38.5,20565521.467,108072553.919,1319.174,49.906,20692651.923,108740611.386,-1538.717,49.969
2019-02-02 15:39:50,21808096.745,114602305.649,-1389.793,49.906,24413505.265,128293829.019,3477.508,38.625,20565270.473,108071234.961,1318.699,49.875,20692944.695,108742150.243,-1538.982,50.031
2019-02-02 15:39:51,21808361.274,114603695.726,-1390.329,50.031,24412843.39,128290351.604,3477.496,38.656,20565019.56,108069916.553,1318.08,50.031,20693237.58,108743689.443,-1539.411,50.031
2019-02-02 15:39:52,21808625.899,114605086.263,-1390.759,49.781,24412181.509,128286874.198,3477.414,38.5,20564768.796,108068598.71,1317.605,49.75,20693530.517,108745229.007,-1539.713,50.125
2019-02-02 15:39:53,21808890.632,114606477.229,-1391.099,49.688,24411519.551,128283396.748,3477.483,38.344,20564518.1,108067281.408,1317.046,49.75,20693823.544,108746768.906,-1540.061,49.938
2019-02-02 15:39:54,21809155.447,114607868.632,-1391.647,49.688,24410857.89,128279919.261,3477.351,38.469,20564267.48,108065964.639,1316.466,49.75,20694116.685,108748309.131,-1540.394,49.938
2019-02-02 15:39:55,21809420.289,114609260.511,-1392.086,49.719,24410196.103,128276441.746,3477.587,38.406,20564017.015,108064648.448,1315.902,49.812,20694409.807,108749849.728,-1540.713,49.875
2019-02-02 15:39:56,21809685.217,114610652.847,-1392.597,49.75,24409534.339,128272964.245,3477.505,38.688,20563766.624,108063332.826,1315.316,49.906,20694703.047,108751390.694,-1541.205,49.875
2019-02-02 15:39:57,21809950.243,114612045.615,-1392.975,49.75,24408872.503,128269486.712,3477.349,38.562,20563516.376,108062017.736,1314.839,49.938,20694996.326,108752931.989,-1541.429,49.938
2019-02-02 15:39:58,21810215.382,114613438.846,-1393.428,49.875,24408210.911,128266009.138,3477.581,38.406,20563266.187,108060703.215,1314.264,50.031,20695289.674,108754473.644,-1541.854,50.031
2019-02-02 15:39:59,21810480.628,114614832.45,-1393.834,49.969,24407549.09,128262531.474,3477.633,38.406,20563016.099,108059389.176,1313.772,50.156,20695583.097,108756015.573,-1542.066,50.0
2019-02-02 15:40:00,21810745.886,114616226.482,-1394.256,50.0,24406887.516,128259053.764,3477.738,38.469,20562766.163,108058075.671,1313.184,50.156,20695876.588,108757557.839,-1542.47,50.094
2019-02-02 15:40:01,21811011.215,114617621.017,-1394.776,50.094,24406225.837,128255576.08,3477.523,38.656,20562516.338,108056762.761,1312.606,50.281,20696170.133,108759100.483,-1542.832,50.125
2019-02-02 15:40:02,21811276.668,114619016.011,-1395.178,50.031,24405564.094,128252098.399,3477.579,38.469,20562266.624,108055450.425,1312.118,50.219,20696463.848,108760643.496,-1543.16,50.25
2019-02-02 15:40:03,21811542.241,114620411.378,-1395.528,50.0,24404902.164,128248620.592,3477.773,38.469,20562017.013,108054138.575,1311.593,50.125,20696757.503,108762186.781,-1543.425,50.188
2019-02-02 15:40:04,21811807.847,114621807.135,-1396.028,50.094,24404240.402,128245142.696,3477.967,38.594,20561767.54,108052827.202,1311.105,50.219,20697051.251,108763730.348,-1543.739,50.156
2019-02-02 15:40:05,21812073.527,114623203.38,-1396.561,50.125,24403578.545,128241664.859,3477.696,38.438,20561518.175,108051516.443,1310.394,50.25,20697345.036,108765274.311,-1544.206,50.25
2019-02-02 15:40:06,21812339.28,114624600.184,-1397.019,50.0,24402916.667,128238187.092,3477.719,38.75,20561268.869,108050206.345,1309.848,50.062,20697638.931,108766818.733,-1544.624,50.281
2019-02-02 15:40:07,21812605.177,114625997.346,-1397.288,49.938,24402254.718,128234709.206,3477.917,38.5,20561019.643,108048896.71,1309.482,50.0,20697932.882,108768363.403,-1544.775,50.094
2019-02-02 15:40:08,21812871.114,114627394.84,-1397.727,49.938,24401592.937,128231231.186,3477.911,38.438,20560770.489,108047587.527,1308.871,50.0,20698226.857,108769908.317,-1545.111,50.0
2019-02-02 15:40:09,21813137.172,114628792.873,-1398.363,49.781,24400931.181,128227753.201,3477.885,38.406,20560521.509,108046278.976,1308.232,49.875,20698520.89,108771453.663,-1545.648,50.031
2019-02-02 15:40:10,21813403.294,114630191.446,-1398.763,49.781,24400269.464,128224275.309,3477.976,38.125,20560272.594,108044971.067,1307.639,49.875,20698815.008,108772999.439,-1545.912,49.906
2019-02-02 15:40:11,21813669.544,114631590.38,-1399.122,49.812,24399607.687,128220797.31,3478.04,38.344,20560023.669,108043663.631,1307.183,50.0,20699109.217,108774545.482,-1546.179,50.0
2019-02-02 15:40:12,21813935.79,114632989.655,-1399.493,49.781,24398945.616,128217319.17,3478.204,38.312,20559774.925,108042356.643,1306.712,49.875,20699403.483,108776091.762,-1546.483,49.875
2019-02-02 15:40:13,21814202.11,114634389.412,-1399.991,49.719,24398283.749,128213841.049,3478.162,38.438,20559526.351,108041050.247,1306.054,49.844,20699697.807,108777638.421,-1546.869,49.844
2019-02-02 15:40:14,21814468.525,114635789.622,-1400.395,49.781,24397621.747,128210362.921,3478.183,38.375,20559277.877,108039744.408,1305.632,49.938,20699992.226,108779185.432,-1547.125,49.906
2019-02-02 15:40:15,21814735.11,114637190.269,-1400.952,49.688,24396959.925,128206884.749,3478.148,38.406,20559029.481,108038439.119,1304.905,49.844,20700286.714,108780732.782,-1547.627,49.969
2019-02-02 15:40:16,21815001.709,114638591.422,-1401.373,49.875,24396298.024,128203406.607,3478.249,38.531,20558781.235,108037134.445,1304.374,49.969,20700581.189,108782280.534,-1547.914,49.875
2019-02-02 15:40:17,21815268.382,114639992.946,-1401.704,49.812,24395636.144,128199928.37,3478.333,38.594,20558533.062,108035830.247,1303.925,49.938,20700875.795,108783828.554,-1548.177,50.0
2019-02-02 15:40:18,21815535.141,114641394.917,-1402.201,49.75,24394974.559,128196450.111,3478.254,38.531,20558285.008,108034526.601,1303.383,49.875,20701170.473,108785376.915,-1548.557,50.0
2019-02-02 15:40:19,21815801.989,114642797.34,-1402.6,49.625,24394312.563,128192971.843,3478.369,38.656,20558036.997,108033223.524,1302.807,49.844,20701465.179,108786925.623,-1548.895,49.969
2019-02-02 15:40:20,21816069.043,114644200.23,-1403.105,49.688,24393650.586,128189493.579,3478.236,38.469,20557789.133,108031921.022,1302.151,49.812,20701759.917,108788474.706,-1549.277,49.906
2019-02-02 15:40:21,21816336.117,114645603.593,-1403.552,49.719,24392988.89,128186015.3,3478.421,38.375,20557541.439,108030619.103,1301.653,49.844,20702054.762,108790024.161,-1549.617,49.906
2019-02-02 15:40:22,21816603.226,114647007.334,-1403.907,49.75,24392326.894,128182536.942,3478.588,38.344,20557293.805,108029317.669,1301.183,49.938,20702349.662,108791573.893,-1549.897,50.031
2019-02-02 15:40:23,21816870.419,114648411.423,-1404.32,50.0,24391664.929,128179058.468,3478.583,38.625,20557046.233,108028016.689,1300.727,50.156,20702644.645,108793123.87,-1550.142,50.156
2019-02-02 15:40:24,21817137.703,114649815.987,-1404.823,49.844,24391002.867,128175579.979,3478.433,38.438,20556798.724,108026716.295,1300.072,49.969,20702939.704,108794674.219,-1550.576,50.031
2019-02-02 15:40:25,21817405.122,114651221.06,-1405.264,49.938,24390341.08,128172101.542,3478.429,38.469,20556551.44,108025416.523,1299.504,50.031,20703234.798,108796224.986,-1550.995,50.094
2019-02-02 15:40:26,21817672.557,114652626.611,-1405.773,50.031,24389679.13,128168623.113,3478.536,38.469,20556304.22,108024117.338,1298.909,50.094,20703530.026,108797776.125,-1551.278,50.125
2019-02-02 15:40:27,21817940.107,114654032.598,-1406.162,49.938,24389017.134,128165144.645,3478.338,38.5,20556057.005,108022818.695,1298.407,50.062,20703825.298,108799327.604,-1551.597,50.156
2019-02-02 15:40:28,21818207.726,114655438.962,-1406.554,50.25,24388355.092,128161666.102,3478.65,38.781,20555809.956,108021520.54,1297.895,50.281,20704120.551,108800879.364,-1551.893,50.062
2019-02-02 15:40:29,21818475.454,114656845.727,-1406.899,50.188,24387693.109,128158187.469,3478.759,38.781,20555563.003,108020222.895,1297.404,50.219,20704415.924,108802431.417,-1552.191,50.344
2019-02-02 15:40:30,21818743.177,114658252.915,-1407.397,50.281,24387031.227,128154708.809,3478.654,38.719,20555316.158,108018925.781,1296.823,50.344,20704711.307,108803983.792,-1552.561,50.312
2019-02-02 15:40:31,21819011.09,114659660.617,-1407.967,50.188,24386369.352,128151230.201,3478.467,38.688,20555069.435,108017629.283,1296.163,50.219,20705006.726,108805536.569,-1552.988,50.406
2019-02-02 15:40:32,21819279.097,114661068.81,-1408.357,50.188,24385707.189,128147751.606,3478.684,38.625,20554822.88,108016333.411,1295.662,50.219,20705302.265,108807089.758,-1553.315,50.312
2019-02-02 15:40:33,21819547.115,114662477.356,-1408.768,50.156,24385045.211,128144272.906,3478.789,38.562,20554576.404,108015037.989,1295.151,50.156,20705597.834,108808643.186,-1553.625,50.25
2019-02-02 15:40:34,21819815.235,114663886.317,-1409.203,50.094,24384383.058,128140794.161,3478.664,38.344,20554330.005,108013743.101,1294.577,50.156,20705893.54,108810196.934,-1553.966,50.25
2019-02-02 15:40:35,21820083.427,114665295.763,-1409.669,50.062,24383721.078,128137315.416,3478.648,38.406,20554083.75,108012448.804,1294.012,50.094,20706189.25,108811751.065,-1554.262,50.188
2019-02-02 15:40:36,21820351.726,114666705.624,-1410.072,49.938,24383059.345,128133836.628,3478.886,38.344,20553837.57,108011155.035,1293.464,49.906,20706484.983,108813305.512,-1554.651,50.094
2019-02-02 15:40:37,21820620.029,114668115.9,-1410.451,50.0,24382397.659,128130357.798,3478.89,38.562,20553591.381,108009861.798,1292.946,49.969,20706780.811,108814860.276,-1554.926,50.062
2019-02-02 15:40:38,21820888.466,114669526.678,-1411.014,49.844,24381735.47,128126879.003,3478.643,38.281,20553345.315,108008569.17,1292.323,49.875,20707076.762,108816415.443,-1555.399,50.156
2019-02-02 15:40:39,21821156.986,114670937.915,-1411.395,49.875,24381073.562,128123400.196,3478.841,38.375,20553099.438,108007277.118,1291.82,49.875,20707372.786,108817970.965,-1555.644,50.031
2019-02-02 15:40:40,21821425.625,114672349.504,-1411.775,49.812,24380411.668,128119921.286,3479.12,38.406,20552853.689,108005985.532,1291.319,49.844,20707668.791,108819526.744,-1555.891,50.031
2019-02-02 15:40:41,21821694.309,114673761.491,-1412.294,49.688,24379749.509,128116442.298,3478.959,38.25,20552608.041,108004694.45,1290.681,49.688,20707964.957,108821082.809,-1556.299,49.969
2019-02-02 15:40:42,21821963.133,114675174.002,-1412.709,49.781,24379087.385,128112963.367,3478.976,38.344,20552362.47,108003403.997,1290.206,49.844,20708261.192,108822639.306,-1556.643,49.875
2019-02-02 15:40:43,21822231.997,114676586.944,-1413.149,49.75,24378425.117,128109484.406,3479.009,38.344,20552116.971,108002114.098,1289.595,49.781,20708557.459,108824196.127,-1556.977,49.906
2019-02-02 15:40:44,21822500.944,114678000.33,-1413.553,49.844,24377763.158,128106005.421,3479.082,38.375,20551871.652,108000824.75,1289.108,50.0,20708853.821,108825753.297,-1557.243,50.0
2019-02-02 15:40:45,21822769.947,114679414.107,-1414.026,49.906,24377101.074,128102526.373,3478.937,38.5,20551626.392,107999535.904,1288.538,49.938,20709150.19,108827310.757,-1557.638,50.062
2019-02-02 15:40:46,21823039.046,114680828.32,-1414.462,49.938,24376439.168,128099047.287,3478.922,38.594,20551381.303,107998247.607,1287.979,49.938,20709446.592,108828868.56,-1558.035,50.094
2019-02-02 15:40:47,21823308.269,114682242.996,-1414.83,49.781,24375777.091,128095568.205,3479.275,38.406,20551136.243,107996959.891,1287.445,49.812,20709743.065,108830426.72,-1558.292,49.938
2019-02-02 15:40:48,21823577.564,114683658.102,-1415.347,49.844,24375115.146,128092089.073,3478.969,38.594,20550891.348,107995672.718,1286.855,49.875,20710039.635,108831985.208,-1558.666,50.0
2019-02-02 15:40:49,21823846.917,114685073.622,-1415.714,49.844,24374453.079,128088609.904,3479.187,38.562,20550646.523,107994386.072,1286.394,49.844,20710336.295,108833544.016,-1558.944,49.938
2019-02-02 15:40:50,21824116.381,114686489.56,-1416.162,49.812,24373790.99,128085130.689,3479.286,38.625,20550401.765,107993099.966,1285.881,49.844,20710632.986,108835103.144,-1559.235,49.875
2019-02-02 15:40:51,21824385.918,114687905.97,-1416.667,49.781,24373129.005,128081651.478,3479.167,38.5,20550157.107,107991814.434,1285.239,49.781,20710929.713,108836662.636,-1559.673,49.844
2019-02-02 15:40:52,21824655.561,114689322.837,-1417.164,49.906,24372467.032,128078172.259,3479.063,38.594,20549912.613,107990529.477,1284.612,49.875,20711226.52,108838222.492,-1560.105,49.844
2019-02-02 15:40:53,21824925.34,114690740.186,-1417.548,49.969,24371805.008,128074693.059,3479.27,38.781,20549668.168,107989245.121,1284.1,49.906,20711523.425,108839782.727,-1560.448,49.906
2019-02-02 15:40:54,21825195.181,114692157.907,-1417.891,50.0,24371142.637,128071213.765,3479.525,38.625,20549423.882,107987961.252,1283.611,49.938,20711820.404,108841343.228,-1560.626,50.0
2019-02-02 15:40:55,21825465.059,114693576.056,-1418.288,50.031,24370480.306,128067734.437,3479.505,38.688,20549179.66,107986677.914,1283.134,49.938,20712117.464,108842904.054,-1560.91,50.0
2019-02-02 15:40:56,21825734.931,114694994.621,-1418.781,50.031,24369818.12,128064255.079,3479.308,38.844,20548935.545,107985395.126,1282.479,49.938,20712414.557,108844465.207,-1561.351,50.031
2019-02-02 15:40:57,21826004.964,114696413.652,-1419.207,49.938,24369155.932,128060775.71,3479.361,38.656,20548691.568,107984112.916,1281.932,49.844,20712711.668,108846026.729,-1561.677,49.906
2019-02-02 15:40:58,21826275.047,114697833.103,-1419.686,49.906,24368493.671,128057296.316,3479.362,38.656,20548447.68,107982831.232,1281.38,49.875,20713008.875,108847588.558,-1562.014,49.938
2019-02-02 15:40:59,21826545.209,114699253.008,-1420.192,49.75,24367831.917,128053816.888,3479.415,38.5,20548203.886,107981550.117,1280.757,49.656,20713306.2,108849150.746,-1562.433,49.812
2019-02-02 15:41:00,21826815.508,114700673.392,-1420.579,49.781,24367169.827,128050337.49,3479.328,38.656,20547960.211,107980269.608,1280.239,49.75,20713603.555,108850713.314,-1562.721,49.812
2019-02-02 15:41:01,21827085.836,114702094.13,-1420.907,49.719,24366507.795,128046857.967,3479.542,38.5,20547716.591,107978989.558,1279.795,49.688,20713900.939,108852276.131,-1562.965,49.875
2019-02-02 15:41:02,21827356.254,114703515.264,-1421.383,49.75,24365845.671,128043378.405,3479.501,38.562,20547473.104,107977710.03,1279.237,49.688,20714198.399,108853839.253,-1563.337,49.812
2019-02-02 15:41:03,21827626.695,114704936.872,-1421.865,49.625,24365183.496,128039898.839,3479.451,38.531,20547229.776,107976431.079,1278.668,49.531,20714495.923,108855402.739,-1563.712,49.781
2019-02-02 15:41:04,21827897.305,114706358.909,-1422.332,49.781,24364521.728,128036419.241,3479.468,38.562,20546986.563,107975152.686,1278.043,49.75,20714793.541,108856966.558,-1564.04,49.719
2019-02-02 15:41:05,21828167.971,114707781.453,-1422.784,49.938,24363859.557,128032939.685,3479.502,38.531,20546743.443,107973874.907,1277.499,49.844,20715091.249,108858530.785,-1564.454,49.875
2019-02-02 15:41:06,21828438.763,114709204.439,-1423.186,50.062,24363197.571,128029460.105,3479.684,38.844,20546500.473,107972597.698,1276.96,50.031,20715388.954,108860095.354,-1564.736,50.0
2019-02-02 15:41:07,21828709.637,114710627.859,-1423.566,50.094,24362535.286,128025980.526,3479.614,38.906,20546257.598,107971321.032,1276.43,50.062,20715686.755,108861660.259,-1565.058,50.156
2019-02-02 15:41:08,21828980.624,114712051.642,-1423.904,50.125,24361873.183,128022500.836,3479.922,39.0,20546014.756,107970044.85,1275.962,50.062,20715984.611,108863225.424,-1565.243,50.188
2019-02-02 15:41:09,21829251.626,114713475.814,-1424.457,50.125,24361210.808,128019021.065,3479.726,39.25,20545771.945,107968769.159,1275.375,50.125,20716282.484,108864790.875,-1565.69,50.281
2019-02-02 15:41:10,21829522.723,114714900.492,-1424.933,50.188,24360548.372,128015541.345,3479.795,39.094,20545529.285,107967494.092,1274.766,50.156,20716580.432,108866356.728,-1566.04,50.188
2019-02-02 15:41:11,21829793.973,114716325.605,-1425.35,50.094,24359886.373,128012061.602,3479.851,39.125,20545286.716,107966219.575,1274.228,50.156,20716878.456,108867922.917,-1566.419,50.188
2019-02-02 15:41:12,21830065.288,114717751.152,-1425.706,50.094,24359224.348,128008581.83,3479.651,39.156,20545044.297,107964945.61,1273.728,50.188,20717176.619,108869489.438,-1566.641,50.156
2019-02-02 15:41:13,21830336.682,114719177.091,-1426.078,49.969,24358562.316,128005101.974,3479.899,38.969,20544801.898,107963672.161,1273.177,50.125,20717474.801,108871056.259,-1566.952,50.156
2019-02-02 15:41:14,21830608.1,114720603.482,-1426.668,50.062,24357900.024,128001622.138,3479.756,39.062,20544559.678,107962399.272,1272.547,50.188,20717773.012,108872623.43,-1567.395,50.094
2019-02-02 15:41:15,21830879.625,114722030.36,-1427.124,50.0,24357237.646,127998142.304,3479.832,38.781,20544317.57,107961126.988,1272.007,50.062,20718071.289,108874190.99,-1567.765,50.125
2019-02-02 15:41:16,21831151.224,114723457.683,-1427.482,49.938,24356575.314,127994662.487,3479.827,38.938,20544075.589,107959855.276,1271.488,50.094,20718369.599,108875758.902,-1567.985,50.031
2019-02-02 15:41:17,21831422.894,114724885.337,-1427.892,49.969,24355913.225,127991182.526,3480.071,38.75,20543833.696,107958584.015,1270.947,50.031,20718668.011,108877327.045,-1568.356,50.0
2019-02-02 15:41:18,21831694.684,114726313.532,-1428.434,50.0,24355251.247,127987702.662,3479.794,38.781,20543591.89,107957313.41,1270.28,50.0,20718966.396,108878895.623,-1568.778,50.0
2019-02-02 15:41:19,21831966.52,114727742.111,-1428.734,50.031,24354589.009,127984222.714,3480.0,38.812,20543350.221,107956043.312,1269.881,50.031,20719265.027,108880464.491,-1569.007,50.0
2019-02-02 15:41:20,21832238.45,114729171.043,-1429.153,49.969,24353926.848,127980742.669,3480.105,38.875,20543108.607,107954773.687,1269.345,50.062,20719563.668,108882033.609,-1569.272,50.0
2019-02-02 15:41:21,21832510.389,114730600.408,-1429.601,49.969,24353264.452,127977262.59,3479.986,38.875,20542867.048,107953504.61,1268.78,50.031,20719862.356,108883603.059,-1569.693,50.031
2019-02-02 15:41:22,21832782.519,114732030.287,-1430.174,50.062,24352602.609,127973782.566,3480.005,38.875,20542625.594,107952236.162,1268.09,50.125,20720161.082,108885172.914,-1570.06,50.031
2019-02-02 15:41:23,21833054.743,114733460.688,-1430.634,50.0,24351940.436,127970302.603,3479.951,38.844,20542384.322,107950968.359,1267.527,50.125,20720459.903,108886743.195,-1570.451,50.062
2019-02-02 15:41:24,21833327.037,114734891.466,-1430.969,50.031,24351278.245,127966822.576,3480.03,38.812,20542143.159,107949701.058,1267.061,50.125,20720758.761,108888313.752,-1570.653,50.094
2019-02-02 15:41:25,21833599.361,114736322.544,-1431.276,49.969,24350616.008,127963342.386,3480.097,38.844,20541902.097,107948434.167,1266.605,50.094,20721057.675,108889884.509,-1570.887,50.125
2019-02-02 15:41:26,21833871.786,114737754.093,-1431.804,49.844,24349953.677,127959862.201,3480.048,38.906,20541661.201,107947167.87,1265.946,49.969,20721356.599,108891455.637,-1571.36,50.094
2019-02-02 15:41:27,21834144.319,114739186.185,-1432.33,49.906,24349291.182,127956382.096,3480.038,38.75,20541420.415,107945902.232,1265.285,50.062,20721655.646,108893027.197,-1571.716,49.969
2019-02-02 15:41:28,21834416.919,114740618.71,-1432.712,49.938,24348628.907,127952901.967,3480.192,38.781,20541179.684,107944637.152,1264.833,50.062,20721954.718,108894599.093,-1572.035,50.031
2019-02-02 15:41:29,21834689.664,114742051.604,-1433.009,49.844,24347966.293,127949421.766,3480.185,39.062,20540939.074,107943372.562,1264.314,50.031,20722253.917,108896171.26,-1572.318,50.062
2019-02-02 15:41:30,21834962.4,114743484.933,-1433.583,49.781,24347303.895,127945941.522,3480.203,38.656,20540698.502,107942108.524,1263.735,50.062,20722553.172,108897743.753,-1572.714,50.0
2019-02-02 15:41:31,21835235.228,114744918.703,-1433.941,49.812,24346641.614,127942461.273,3480.303,38.781,20540458.032,107940845.046,1263.171,50.094,20722852.48,108899316.592,-1573.018,50.0
2019-02-02 15:41:32,21835508.138,114746352.919,-1434.414,49.75,24345979.433,127938981.019,3480.359,38.594,20540217.721,107939582.142,1262.689,50.094,20723151.871,108900889.786,-1573.345,50.031
2019-02-02 15:41:33,21835781.138,114747787.515,-1434.797,49.688,24345316.78,127935500.698,3480.362,38.844,20539977.528,107938319.738,1262.158,50.062,20723451.308,108902463.258,-1573.642,50.062
2019-02-02 15:41:34,21836054.15,114749222.515,-1435.201,49.781,24344654.45,127932020.318,3480.481,38.719,20539737.412,107937057.861,1261.611,50.094,20723750.789,108904037.034,-1573.954,50.062
2019-02-02 15:41:35,21836327.297,114750657.992,-1435.725,49.75,24343992.236,127928539.962,3480.26,38.688,20539497.393,107935796.585,1260.999,50.0,20724050.3,108905611.194,-1574.372,50.062
2019-02-02 15:41:36,21836600.556,114752093.951,-1436.139,49.812,24343330.019,127925059.623,3480.499,38.688,20539257.453,107934535.917,1260.439,50.062,20724349.896,108907185.733,-1574.68,50.0
2019-02-02 15:41:37,21836873.884,114753530.266,-1436.47,49.875,24342667.876,127921579.189,3480.495,38.75,20539017.63,107933275.716,1259.946,50.125,20724649.57,108908760.521,-1574.957,50.0
2019-02-02 15:41:38,21837147.267,114754966.962,-1436.927,49.812,24342005.478,127918098.705,3480.39,38.781,20538777.904,107932016.033,1259.385,50.094,20724949.317,108910335.606,-1575.231,50.031
2019-02-02 15:41:39,21837420.773,114756404.132,-1437.436,49.781,24341343.313,127914618.215,3480.498,38.688,20538538.299,107930756.927,1258.793,50.031,20725249.141,108911911.051,-1575.667,49.969
2019-02-02 15:41:40,21837694.383,114757841.742,-1437.802,49.75,24340680.972,127911137.711,3480.479,38.656,20538298.78,107929498.389,1258.258,50.062,20725549.01,108913486.849,-1575.949,49.938
2019-02-02 15:41:41,21837968.04,114759279.788,-1438.329,49.688,24340018.821,127907657.194,3480.406,38.656,20538059.371,107928240.406,1257.602,50.062,20725848.901,108915062.978,-1576.41,50.0
2019-02-02 15:41:42,21838241.763,114760718.402,-1438.874,49.781,24339356.368,127904176.777,3480.345,38.562,20537820.154,107926983.112,1256.96,50.125,20726148.849,108916639.575,-1576.788,49.969
2019-02-02 15:41:43,21838515.555,114762157.416,-1439.133,49.781,24338694.144,127900696.318,3480.488,38.688,20537581.046,107925726.345,1256.575,50.156,20726448.907,108918216.477,-1576.992,50.062
2019-02-02 15:41:44,21838789.493,114763596.713,-1439.454,49.656,24338031.706,127897215.679,3480.736,38.719,20537341.941,107924469.982,1256.102,50.031,20726749.014,108919793.557,-1577.204,50.094
2019-02-02 15:41:45,21839063.458,114765036.431,-1440.031,49.688,24337369.28,127893735.023,3480.563,38.438,20537103.043,107923214.161,1255.496,50.094,20727049.161,108921370.958,-1577.582,50.062
2019-02-02 15:41:46,21839337.521,114766476.672,-1440.477,49.688,24336706.721,127890254.416,3480.64,38.594,20536864.115,107921959.006,1254.812,50.094,20727349.497,108922948.794,-1578.073,50.125
2019-02-02 15:41:47,21839611.661,114767917.347,-1440.877,49.625,24336044.567,127886773.814,3480.598,38.406,20536625.338,107920704.397,1254.336,50.062,20727649.865,108924526.956,-1578.293,50.062
2019-02-02 15:41:48,21839885.891,114769358.442,-1441.317,49.688,24335382.165,127883293.168,3480.586,38.375,20536386.715,107919450.339,1253.783,50.125,20727950.27,108926105.437,-1578.61,50.062
2019-02-02 15:41:49,21840160.235,114770799.978,-1441.711,49.688,24334719.88,127879812.527,3480.666,38.375,20536148.128,107918196.849,1253.199,50.156,20728250.726,108927684.269,-1578.969,50.156
2019-02-02 15:41:50,21840434.567,114772241.941,-1442.184,49.781,24334057.563,127876331.83,3480.738,38.562,20535909.677,107916943.902,1252.707,50.156,20728551.245,108929263.426,-1579.309,50.188
2019-02-02 15:41:51,21840709.083,114773684.329,-1442.627,49.625,24333395.232,127872851.119,3480.786,38.719,20535671.425,107915691.502,1252.119,50.062,20728851.853,108930842.902,-1579.659,50.25
2019-02-02 15:41:52,21840983.622,114775127.148,-1442.999,49.625,24332732.857,127869370.399,3480.806,38.406,20535433.205,107914439.658,1251.604,50.031,20729152.486,108932422.708,-1579.944,50.156
2019-02-02 15:41:53,21841258.256,114776570.311,-1443.345,49.594,24332070.451,127865889.566,3480.788,38.438,20535195.109,107913188.281,1251.113,49.969,20729453.167,108934002.758,-1580.175,50.188
2019-02-02 15:41:54,21841533.03,114778013.892,-1443.837,49.562,24331408.174,127862408.691,3480.851,38.438,20534957.016,107911937.444,1250.452,49.906,20729753.961,108935583.128,-1580.547,50.125
2019-02-02 15:41:55,21841807.838,114779458.031,-1444.361,49.594,24330746.022,127858927.909,3480.652,38.344,20534719.054,107910687.281,1249.843,49.969,20730054.744,108937163.946,-1580.991,50.125
2019-02-02 15:41:56,21842082.75,114780902.576,-1444.685,49.562,24330083.672,127855447.09,3480.965,38.25,20534481.261,107909437.663,1249.378,49.906,20730355.636,108938745.079,-1581.252,50.031
2019-02-02 15:41:57,21842357.679,114782347.525,-1445.2,49.562,24329421.124,127851966.232,3480.848,38.281,20534243.531,107908188.564,1248.83,49.969,20730656.573,108940326.511,-1581.589,50.031
2019-02-02 15:41:58,21842632.729,114783792.876,-1445.568,49.562,24328758.492,127848485.318,3480.792,38.25,20534005.953,107906940.001,1248.253,50.0,20730957.527,108941908.248,-1581.944,50.031
2019-02-02 15:41:59,21842907.822,114785238.666,-1445.963,49.594,24328096.173,127845004.374,3481.112,38.438,20533768.49,107905691.994,1247.77,50.0,20731258.545,108943490.317,-1582.174,50.062
2019-02-02 15:42:00,21843183.057,114786684.836,-1446.383,49.625,24327434.03,127841523.388,3480.942,38.469,20533531.096,107904444.5,1247.203,50.0,20731559.625,108945072.679,-1582.533,50.125
2019-02-02 15:42:01,21843458.372,114788131.478,-1446.886,49.625,24326771.578,127838042.4,3480.963,38.219,20533293.844,107903197.598,1246.583,49.938,20731860.789,108946655.412,-1582.933,50.031
2019-02-02 15:42:02,21843733.733,114789578.574,-1447.27,49.656,24326109.26,127834561.419,3481.053,38.375,20533056.703,107901951.28,1246.048,50.031,20732162.036,108948238.508,-1583.271,50.156
2019-02-02 15:42:03,21844009.189,114791026.085,-1447.706,49.688,24325446.766,127831080.424,3481.032,38.25,20532819.644,107900705.505,1245.497,50.094,20732463.335,108949821.917,-1583.556,50.188
2019-02-02 15:42:04,21844284.727,114792474.022,-1448.134,49.812,24324784.256,127827599.387,3481.109,38.469,20532582.667,107899460.282,1244.951,50.188,20732764.723,108951405.653,-1583.87,50.281
2019-02-02 15:42:05,21844560.364,114793922.367,-1448.544,49.781,24324121.811,127824118.317,3481.085,38.406,20532345.835,107898215.594,1244.39,50.156,20733066.162,108952989.703,-1584.222,50.25
2019-02-02 15:42:06,21844836.039,114795371.161,-1449.052,49.844,24323459.161,127820637.244,3481.042,38.438,20532109.037,107896971.477,1243.78,50.188,20733367.714,108954574.098,-1584.563,50.281
2019-02-02 15:42:07,21845111.775,114796820.422,-1449.425,49.844,24322796.821,127817156.19,3481.181,38.312,20531872.431,107895727.95,1243.267,50.188,20733669.271,108956158.854,-1584.888,50.25
2019-02-02 15:42:08,21845387.696,114798270.133,-1449.968,49.812,24322134.279,127813675.141,3480.944,38.375,20531635.958,107894485.006,1242.603,50.188,20733970.916,108957743.972,-1585.333,50.25
2019-02-02 15:42:09,21845663.652,114799720.284,-1450.291,49.844,24321471.874,127810194.065,3481.156,38.344,20531399.582,107893242.633,1242.138,50.156,20734272.612,108959329.432,-1585.584,50.219
2019-02-02 15:42:10,21845939.602,114801170.775,-1450.673,49.938,24320809.358,127806712.884,3481.225,38.469,20531163.255,107892000.716,1241.664,50.25,20734574.327,108960915.124,-1585.821,50.188
2019-02-02 15:42:11,21846215.739,114802621.706,-1451.158,49.906,24320147.163,127803231.7,3481.241,38.188,20530927.055,107890759.369,1241.057,50.188,20734876.134,108962501.158,-1586.186,50.344
2019-02-02 15:42:12,21846491.898,114804073.079,-1451.614,49.875,24319484.758,127799750.516,3481.12,38.281,20530690.939,107889518.592,1240.457,50.156,20735178.028,108964087.527,-1586.537,50.25
2019-02-02 15:42:13,21846768.183,114805524.891,-1452.003,49.812,24318822.289,127796269.32,3481.033,38.344,20530454.882,107888278.393,1239.863,50.156,20735480.019,108965674.253,-1586.89,50.281
2019-02-02 15:42:14,21847044.528,114806977.148,-1452.507,49.781,24318159.755,127792788.119,3481.123,38.188,20530218.982,107887038.75,1239.348,50.125,20735782.043,108967261.317,-1587.238,50.281
2019-02-02 15:42:15,21847320.981,114808429.867,-1452.967,49.844,24317497.148,127789306.927,3481.243,38.25,20529983.185,107885799.7,1238.775,50.156,20736084.103,108968848.745,-1587.584,50.25
2019-02-02 15:42:16,21847597.576,114809882.976,-1453.308,49.938,24316834.448,127785825.685,3481.228,38.312,20529747.48,107884561.17,1238.27,50.219,20736386.277,108970436.464,-1587.856,50.312
2019-02-02 15:42:17,21847874.234,114811336.457,-1453.663,49.844,24316171.943,127782344.363,3481.419,38.25,20529511.907,107883323.146,1237.781,50.125,20736688.426,108972024.456,-1588.109,50.344
2019-02-02 15:42:18,21848150.884,114812790.341,-1454.111,49.844,24315509.465,127778863.009,3481.4,38.281,20529276.448,107882085.647,1237.208,50.156,20736990.654,108973612.756,-1588.471,50.312
2019-02-02 15:42:19,21848427.611,114814244.67,-1454.562,49.875,24314846.965,127775381.641,3481.382,38.438,20529041.099,107880848.724,1236.607,50.188,20737292.987,108975201.397,-1588.843,50.344
2019-02-02 15:42:20,21848704.514,114815699.501,-1455.07,49.875,24314184.418,127771900.332,3481.26,38.406,20528805.867,107879612.434,1235.996,50.188,20737595.382,108976790.441,-1589.225,50.344
2019-02-02 15:42:21,21848981.406,114817154.736,-1455.417,49.969,24313521.988,127768418.98,3481.3,38.5,20528570.693,107878376.677,1235.481,50.281,20737897.79,108978379.79,-1589.531,50.344
2019-02-02 15:42:22,21849258.385,114818610.379,-1455.846,49.938,24312859.593,127764937.589,3481.376,38.469,20528335.628,107877141.456,1234.966,50.281,20738200.33,108979969.448,-1589.801,50.406
2019-02-02 15:42:23,21849535.343,114820066.393,-1456.21,49.969,24312197.234,127761456.121,3481.431,38.375,20528100.688,107875906.731,1234.479,50.344,20738502.799,108981559.376,-1590.103,50.406
2019-02-02 15:42:24,21849812.48,114821522.88,-1456.723,49.875,24311534.724,127757974.682,3481.316,38.406,20527865.742,107874672.606,1233.791,50.188,20738805.429,108983149.671,-1590.463,50.469
2019-02-02 15:42:25,21850089.689,114822979.784,-1457.107,49.906,24310872.294,127754493.184,3481.71,38.312,20527630.917,107873439.016,1233.31,50.188,20739108.113,108984740.283,-1590.731,50.344
2019-02-02 15:42:26,21850367.082,114824437.157,-1457.609,49.781,24310209.799,127751011.741,3481.377,38.406,20527396.369,107872206.047,1232.638,50.156,20739410.844,108986331.277,-1591.206,50.281
2019-02-02 15:42:27,21850644.509,114825895.019,-1458.002,49.875,24309547.162,127747530.331,3481.48,38.375,20527161.868,107870973.684,1232.103,50.219,20739713.656,108987922.658,-1591.503,50.344
2019-02-02 15:42:28,21850921.976,114827353.249,-1458.378,49.812,24308884.537,127744048.836,3481.528,38.219,20526927.456,107869741.822,1231.647,50.188,20740016.462,108989514.305,-1591.772,50.344
2019-02-02 15:42:29,21851199.548,114828811.81,-1458.772,49.656,24308221.865,127740567.246,3481.59,38.094,20526693.141,107868510.427,1231.09,50.062,20740319.413,108991106.19,-1592.087,50.25
2019-02-02 15:42:30,21851477.146,114830270.852,-1459.246,49.688,24307559.239,127737085.673,3481.622,38.031,20526458.888,107867279.643,1230.51,50.094,20740622.391,108992698.459,-1592.441,50.125
2019-02-02 15:42:31,21851754.905,114831730.321,-1459.68,49.656,24306896.901,127733604.088,3481.608,38.031,20526224.749,107866049.41,1229.929,50.094,20740925.519,108994291.052,-1592.811,50.156
2019-02-02 15:42:32,21852032.753,114833190.273,-1460.167,49.656,24306234.249,127730122.553,3481.645,38.0,20525990.783,107864819.803,1229.32,50.062,20741228.703,108995884.033,-1593.141,50.125
2019-02-02 15:42:33,21852310.652,114834650.62,-1460.507,49.688,24305571.743,127726640.958,3481.639,37.875,20525756.934,107863590.706,1228.859,50.031,20741531.917,108997477.303,-1593.402,50.125
2019-02-02 15:42:34,21852588.614,114836111.313,-1460.903,49.656,24304909.188,127723159.273,3481.708,37.906,20525523.132,107862362.091,1228.353,50.0,20741835.183,108999070.821,-1593.644,50.094
2019-02-02 15:42:35,21852866.644,114837572.463,-1461.365,49.625,24304246.626,127719677.581,3481.744,37.938,20525289.541,107861134.061,1227.751,50.0,20742138.478,109000664.692,-1594.048,50.125
2019-02-02 15:42:36,21853144.82,114839034.096,-1461.852,49.438,24303584.088,127716195.952,3481.485,38.062,20525055.94,107859906.646,1227.114,49.875,20742441.9,109002258.951,-1594.45,50.094
2019-02-02 15:42:37,21853423.055,114840496.151,-1462.241,49.562,24302921.683,127712714.288,3481.573,37.719,20524822.457,107858679.782,1226.576,49.969,20742745.28,109003853.529,-1594.716,50.0
2019-02-02 15:42:38,21853701.34,114841958.608,-1462.695,49.531,24302259.236,127709232.569,3481.909,37.844,20524589.08,107857453.454,1226.057,49.969,20743048.747,109005448.414,-1595.06,50.062
2019-02-02 15:42:39,21853979.766,114843421.547,-1463.15,49.375,24301596.579,127705750.903,3481.629,37.875,20524355.774,107856227.742,1225.414,49.906,20743352.26,109007043.681,-1595.487,50.094
2019-02-02 15:42:40,21854258.243,114844884.867,-1463.467,49.438,24300933.992,127702269.169,3481.746,37.688,20524122.606,107855002.543,1225.01,49.969,20743655.866,109008639.228,-1595.612,49.969
2019-02-02 15:42:41,21854536.79,114846348.511,-1463.866,49.438,24300271.434,127698787.33,3481.814,37.625,20523889.554,107853777.803,1224.478,49.969,20743959.536,109010235.008,-1595.937,50.062
2019-02-02 15:42:42,21854815.381,114847812.615,-1464.387,49.531,24299608.74,127695305.499,3481.624,37.562,20523656.607,107852553.654,1223.769,50.094,20744263.363,109011831.147,-1596.379,50.094
2019-02-02 15:42:43,21855094.131,114849277.268,-1464.841,49.406,24298946.019,127691823.76,3481.655,37.5,20523423.861,107851330.185,1223.215,50.031,20744567.152,109013427.764,-1596.749,50.125
2019-02-02 15:42:44,21855372.91,114850742.369,-1465.333,49.5,24298283.307,127688342.052,3481.829,37.312,20523191.165,107850107.304,1222.614,50.0,20744871.066,109015024.736,-1597.144,50.062
2019-02-02 15:42:45,21855651.749,114852207.813,-1465.527,49.5,24297620.857,127684860.233,3482.018,37.219,20522958.593,107848884.904,1222.245,50.031,20745175.019,109016621.958,-1597.301,50.094
2019-02-02 15:42:46,21855930.631,114853673.534,-1465.917,49.625,24296958.381,127681378.249,3481.938,37.031,20522726.068,107847662.904,1221.706,50.094,20745479.004,109018219.343,-1597.536,50.125
2019-02-02 15:42:47,21856209.62,114855139.757,-1466.511,49.688,24296295.822,127677896.329,3481.778,37.25,20522493.683,107846441.543,1221.053,50.125,20745783.049,109019817.133,-1598.0,50.156
2019-02-02 15:42:48,21856488.711,114856606.472,-1466.891,49.562,24295633.268,127674414.48,3481.74,37.281,20522261.395,107845220.811,1220.473,50.094,20746087.233,109021415.323,-1598.386,50.219
2019-02-02 15:42:49,21856767.923,114858073.611,-1467.358,49.625,24294970.825,127670932.603,3481.788,36.938,20522029.188,107844000.632,1219.903,50.125,20746391.425,109023013.821,-1598.707,50.156
2019-02-02 15:42:50,21857047.186,114859541.159,-1467.71,49.531,24294308.551,127667450.65,3482.093,37.0,20521797.067,107842781.003,1219.372,50.031,20746695.722,109024612.634,-1598.936,50.125
2019-02-02 15:42:51,21857326.551,114861009.08,-1468.173,49.469,24293645.951,127663968.66,3481.975,37.344,20521565.021,107841561.878,1218.83,50.0,20747000.043,109026211.724,-1599.282,50.156
2019-02-02 15:42:52,21857606.001,114862477.45,-1468.584,49.531,24292983.196,127660486.672,3481.892,37.094,20521333.122,107840343.329,1218.261,50.062,20747304.443,109027811.158,-1599.63,50.094
2019-02-02 15:42:53,21857885.517,114863946.293,-1469.061,49.594,24292320.778,127657004.7,3481.927,36.781,20521101.38,107839125.384,1217.643,50.125,20747608.838,109029410.957,-1599.967,50.156
2019-02-02 15:42:54,21858165.12,114865415.616,-1469.532,49.625,24291658.198,127653522.78,3482.058,37.094,20520869.738,107837908.06,1217.038,50.125,20747913.327,109031011.147,-1600.348,50.219
2019-02-02 15:42:55,21858444.808,114866885.334,-1469.841,49.562,24290995.401,127650040.827,3482.01,36.969,20520638.226,107836691.256,1216.586,50.125,20748217.835,109032611.628,-1600.576,50.281
2019-02-02 15:42:56,21858724.566,114868355.433,-1470.295,49.562,24290332.666,127646558.825,3481.909,37.062,20520406.738,107835474.98,1215.988,50.094,20748522.401,109034212.394,-1600.877,50.281
2019-02-02 15:42:57,21859004.425,114869825.97,-1470.747,49.531,24289670.202,127643076.772,3482.108,36.656,20520175.393,107834259.268,1215.433,50.031,20748827.053,109035813.497,-1601.221,50.25
2019-02-02 15:42:58,21859284.316,114871296.896,-1471.095,49.625,24289007.758,127639594.717,3482.041,36.719,20519944.111,107833044.088,1214.916,50.062,20749131.78,109037414.894,-1601.56,50.156
2019-02-02 15:42:59,21859564.303,114872768.258,-1471.603,49.531,24288345.219,127636112.621,3482.378,36.656,20519713.025,107831829.479,1214.273,50.031,20749436.604,109039016.631,-1601.981,50.219
2019-02-02 15:43:00,21859844.403,114874240.111,-1472.069,49.375,24287682.697,127632630.615,3482.097,36.625,20519482.026,107830615.5,1213.692,49.969,20749741.508,109040618.757,-1602.298,50.156
2019-02-02 15:43:01,21860124.578,114875712.373,-1472.524,49.375,24287020.209,127629148.558,3482.008,36.562,20519251.118,107829402.058,1213.145,49.969,20750046.46,109042221.186,-1602.599,50.094
2019-02-02 15:43:02,21860404.756,114877184.961,-1472.726,49.375,24286357.651,127625666.396,3482.33,36.344,20519020.258,107828189.088,1212.77,50.0,20750351.474,109043823.858,-1602.776,50.094
2019-02-02 15:43:03,21860685.035,114878657.899,-1473.165,49.438,24285695.228,127622184.153,3482.123,36.312,20518789.568,107826976.605,1212.166,50.062,20750656.451,109045426.774,-1603.085,50.156
2019-02-02 15:43:04,21860965.483,114880131.364,-1473.762,49.469,24285032.56,127618701.999,3481.929,36.344,20518558.991,107825764.771,1211.466,50.031,20750961.598,109047030.11,-1603.533,50.156
2019-02-02 15:43:05,21861245.967,114881605.345,-1474.192,49.531,24284370.119,127615219.879,3482.202,36.406,20518328.559,107824553.59,1210.899,50.062,20751266.825,109048633.873,-1603.914,50.188
2019-02-02 15:43:06,21861526.557,114883079.719,-1474.558,49.469,24283707.242,127611737.745,3482.092,36.406,20518098.132,107823342.938,1210.39,49.938,20751572.073,109050237.923,-1604.188,50.219
2019-02-02 15:43:07,21861807.205,114884554.475,-1474.923,49.594,24283044.485,127608255.555,3482.097,36.094,20517867.821,107822132.794,1209.932,49.938,20751877.338,109051842.247,-1604.432,50.094
2019-02-02 15:43:08,21862087.895,114886029.601,-1475.315,49.531,24282381.632,127604773.29,3482.284,36.219,20517637.637,107820923.175,1209.383,49.969,20752182.665,109053446.859,-1604.765,50.125
2019-02-02 15:43:09,21862368.652,114887505.2,-1475.829,49.594,24281719.264,127601291.065,3482.249,36.219,20517407.559,107819714.155,1208.72,50.0,20752488.055,109055051.836,-1605.135,50.094
2019-02-02 15:43:10,21862649.503,114888981.191,-1476.242,49.594,24281056.668,127597808.791,3482.153,36.094,20517177.603,107818505.67,1208.166,50.031,20752793.517,109056657.106,-1605.42,50.125
2019-02-02 15:43:11,21862930.464,114890457.605,-1476.636,49.625,24280394.028,127594326.494,3482.276,36.312,20516947.673,107817297.748,1207.618,50.062,20753099.076,109058262.71,-1605.746,50.062
2019-02-02 15:43:12,21863211.495,114891934.464,-1477.109,49.719,24279731.287,127590844.212,3482.078,36.281,20516717.91,107816090.409,1207.032,50.156,20753404.724,109059868.663,-1606.16,50.094
2019-02-02 15:43:13,21863492.627,114893411.736,-1477.441,49.844,24279068.524,127587361.888,3482.36,36.531,20516488.283,107814883.62,1206.523,50.219,20753710.444,109061474.919,-1606.393,50.156
2019-02-02 15:43:14,21863773.791,114894889.418,-1477.829,49.75,24278405.621,127583879.575,3482.354,36.75,20516258.74,107813677.389,1205.934,50.156,20754016.169,109063081.505,-1606.751,50.219
2019-02-02 15:43:15,21864055.083,114896367.546,-1478.393,49.656,24277742.604,127580397.253,3482.583,36.656,20516029.325,107812471.732,1205.371,50.188,20754321.954,109064688.427,-1607.116,50.156
2019-02-02 15:43:16,21864336.451,114897846.062,-1478.676,49.719,24277079.998,127576914.904,3482.415,36.625,20515800.012,107811266.633,1204.842,50.156,20754627.753,109066295.647,-1607.316,50.094
2019-02-02 15:43:17,21864617.813,114899324.953,-1479.053,49.719,24276417.554,127573432.458,3482.609,36.562,20515570.793,107810062.044,1204.334,50.188,20754933.648,109067903.14,-1607.626,50.125
2019-02-02 15:43:18,21864899.33,114900804.289,-1479.579,49.75,24275754.788,127569950.041,3482.386,36.688,20515341.627,107808858.028,1203.689,50.156,20755239.611,109069510.979,-1608.056,50.156
2019-02-02 15:43:19,21865180.909,114902284.129,-1480.088,49.688,24275092.147,127566467.685,3482.247,36.844,20515112.636,107807654.662,1203.046,50.188,20755545.65,109071119.216,-1608.435,50.125
2019-02-02 15:43:20,21865462.646,114903764.434,-1480.454,49.562,24274429.497,127562985.363,3482.521,36.812,20514883.804,107806451.892,1202.594,50.094,20755851.748,109072727.836,-1608.749,50.094
2019-02-02 15:43:21,21865744.397,114905245.055,-1480.775,49.688,24273766.883,127559502.914,3482.438,36.625,20514655.058,107805249.58,1202.051,50.156,20756157.844,109074336.664,-1609.008,50.031
2019-02-02 15:43:22,21866026.291,114906726.071,-1481.21,49.625,24273104.658,127556020.42,3482.565,36.531,20514426.379,107804047.792,1201.522,50.188,20756463.969,109075945.783,-1609.295,50.125
2019-02-02 15:43:23,21866308.2,114908207.561,-1481.727,49.75,24272441.833,127552537.962,3482.431,36.688,20514197.787,107802846.62,1200.841,50.25,20756770.237,109077555.278,-1609.747,50.219
2019-02-02 15:43:24,21866590.217,114909689.556,-1482.146,49.688,24271778.893,127549055.581,3482.331,36.594,20513969.317,107801646.088,1200.273,50.25,20757076.616,109079165.171,-1610.016,50.25
2019-02-02 15:43:25,21866872.292,114911171.836,-1482.428,49.625,24271116.075,127545573.064,3482.652,36.656,20513740.961,107800445.983,1199.884,50.219,20757383.029,109080775.259,-1610.169,50.25
2019-02-02 15:43:26,21867154.394,114912654.524,-1482.932,49.594,24270453.206,127542090.505,3482.274,36.719,20513512.708,107799246.429,1199.234,50.188,20757689.531,109082385.665,-1610.636,50.312
2019-02-02 15:43:27,21867436.642,114914137.71,-1483.433,49.562,24269790.667,127538608.006,3482.521,36.625,20513284.587,107798047.509,1198.65,50.156,20757996.026,109083996.46,-1610.949,50.344
2019-02-02 15:43:28,21867718.93,114915621.326,-1483.814,49.562,24269127.819,127535125.528,3482.571,36.656,20513056.503,107796849.159,1198.045,50.156,20758302.635,109085607.598,-1611.307,50.25
2019-02-02 15:43:29,21868001.312,114917105.353,-1484.19,49.594,24268465.032,127531642.987,3482.694,36.781,20512828.541,107795651.359,1197.577,50.219,20758609.314,109087219.046,-1611.559,50.312
2019-02-02 15:43:30,21868283.74,114918589.747,-1484.606,49.719,24267802.403,127528160.43,3482.558,36.625,20512600.676,107794454.068,1196.997,50.219,20758916.032,109088830.763,-1611.881,50.281
2019-02-02 15:43:31,21868566.315,114920074.568,-1485.003,49.562,24267140.109,127524677.832,3482.651,36.719,20512372.914,107793257.337,1196.495,50.125,20759222.823,109090442.811,-1612.199,50.219
2019-02-02 15:43:32,21868848.929,114921559.735,-1485.353,49.625,24266477.338,127521195.159,3482.736,36.844,20512145.245,107792061.107,1195.995,50.188,20759529.646,109092055.118,-1612.443,50.188
2019-02-02 15:43:33,21869131.635,114923045.297,-1485.781,49.625,24265814.657,127517712.451,3482.763,36.656,20511917.694,107790865.409,1195.418,50.188,20759836.518,109093667.705,-1612.775,50.219
2019-02-02 15:43:34,21869414.426,114924531.356,-1486.322,49.719,24265151.838,127514229.807,3482.536,36.812,20511690.339,107789670.342,1194.733,50.219,20760143.424,109095280.692,-1613.188,50.219
2019-02-02 15:43:35,21869697.326,114926017.961,-1486.824,49.688,24264489.136,127510747.267,3482.587,36.781,20511463.111,107788475.968,1194.072,50.125,20760450.407,109096894.135,-1613.569,50.188
2019-02-02 15:43:36,21869980.312,114927504.973,-1487.168,49.75,24263826.293,127507264.711,3482.734,36.625,20511235.945,107787282.142,1193.608,50.156,20760757.423,109098507.886,-1613.884,50.219
2019-02-02 15:43:37,21870263.43,114928992.285,-1487.419,49.781,24263163.598,127503782.02,3482.895,36.656,20511008.8,107786088.759,1193.165,50.156,20761064.555,109100121.835,-1614.0,50.219
2019-02-02 15:43:38,21870546.588,114930479.961,-1487.948,49.844,24262501.121,127500299.266,3482.586,36.938,20510781.718,107784895.873,1192.533,50.156,20761371.743,109101736.056,-1614.43,50.312
2019-02-02 15:43:39,21870829.812,114931968.116,-1488.385,49.781,24261838.176,127496816.549,3482.726,36.594,20510554.847,107783703.616,1191.931,50.188,20761678.968,109103350.659,-1614.77,50.281
2019-02-02 15:43:40,21871113.069,114933456.709,-1488.812,49.844,24261175.307,127493333.85,3482.76,36.625,20510328.112,107782511.935,1191.378,50.25,20761986.263,109104965.605,-1615.151,50.312
2019-02-02 15:43:41,21871396.392,114934945.724,-1489.214,49.75,24260512.965,127489851.11,3482.89,36.656,20510101.497,107781320.821,1190.863,50.156,20762293.697,109106580.875,-1615.471,50.25
2019-02-02 15:43:42,21871679.764,114936435.177,-1489.668,49.656,24259850.132,127486368.422,3482.699,36.656,20509874.979,107780130.278,1190.242,50.125,20762601.079,109108196.481,-1615.788,50.188
2019-02-02 15:43:43,21871963.254,114937925.028,-1490.031,49.562,24259187.187,127482885.668,3482.808,36.594,20509648.526,107778940.278,1189.737,50.062,20762908.553,109109812.389,-1616.068,50.094
2019-02-02 15:43:44,21872246.832,114939415.299,-1490.485,49.562,24258524.605,127479402.92,3482.777,36.594,20509422.229,107777750.842,1189.149,50.062,20763216.16,109111428.621,-1616.38,50.156
2019-02-02 15:43:45,21872530.452,114940906.017,-1490.94,49.531,24257861.782,127475920.162,3482.741,36.562,20509196.058,107776561.991,1188.548,50.031,20763523.793,109113045.208,-1616.764,50.125
2019-02-02 15:43:46,21872814.232,114942397.148,-1491.305,49.594,24257199.014,127472437.428,3482.613,36.719,20508969.976,107775373.697,1188.017,50.094,20763831.482,109114662.1,-1617.071,50.156
2019-02-02 15:43:47,21873098.07,114943888.674,-1491.699,49.75,24256536.457,127468954.63,3483.027,36.844,20508743.991,107774185.942,1187.451,50.156,20764139.259,109116279.296,-1617.416,50.219
2019-02-02 15:43:48,21873381.946,114945380.601,-1492.122,49.656,24255873.734,127465471.797,3483.084,36.781,20508518.061,107772998.728,1186.935,50.094,20764447.136,109117896.789,-1617.642,50.219
2019-02-02 15:43:49,21873665.883,114946872.876,-1492.491,49.75,24255210.918,127461988.922,3482.8,36.938,20508292.215,107771812.023,1186.425,50.094,20764755.021,109119514.537,-1617.915,50.219
2019-02-02 15:43:50,21873949.962,114948365.618,-1492.973,49.656,24254547.985,127458506.05,3482.687,37.031,20508066.44,107770625.922,1185.775,50.125,20765062.878,109121132.654,-1618.3,50.219
2019-02-02 15:43:51,21874234.129,114949858.806,-1493.387,49.562,24253884.996,127455023.181,3482.928,36.844,20507840.863,107769440.402,1185.299,50.031,20765370.869,109122751.113,-1618.612,50.25
2019-02-02 15:43:52,21874518.352,114951352.385,-1493.861,49.562,24253222.259,127451540.288,3482.941,36.938,20507615.329,107768255.421,1184.661,50.062,20765678.921,109124369.878,-1618.968,50.094
2019-02-02 15:43:53,21874802.63,114952846.44,-1494.352,49.625,24252559.571,127448057.431,3482.895,36.969,20507389.898,107767071.059,1184.04,50.125,20765987.047,109125989.013,-1619.352,50.062
2019-02-02 15:43:54,21875086.952,114954340.94,-1494.679,49.781,24251896.913,127444574.609,3482.794,36.938,20507164.689,107765887.284,1183.48,50.156,20766295.215,109127608.497,-1619.666,50.094
2019-02-02 15:43:55,21875371.405,114955835.808,-1495.058,49.656,24251233.955,127441091.71,3482.812,37.062,20506939.501,107764704.012,1183.001,50.094,20766603.389,109129228.243,-1619.866,50.156
2019-02-02 15:43:56,21875655.983,114957331.069,-1495.41,49.531,24250571.044,127437608.787,3482.896,36.906,20506714.465,107763521.294,1182.42,50.031,20766911.7,109130848.307,-1620.199,50.062
2019-02-02 15:43:57,21875940.63,114958826.76,-1495.908,49.594,24249908.405,127434125.861,3482.934,37.156,20506489.456,107762339.143,1181.884,50.062,20767220.033,109132468.691,-1620.572,49.969
2019-02-02 15:43:58,21876225.297,114960322.88,-1496.35,49.656,24249245.59,127430642.956,3482.726,37.219,20506264.607,107761157.574,1181.254,50.094,20767528.398,109134089.413,-1620.928,50.062
2019-02-02 15:43:59,21876510.076,114961819.407,-1496.692,49.625,24248582.566,127427160.005,3482.973,37.188,20506039.848,107759976.553,1180.763,50.062,20767836.862,109135710.436,-1621.174,50.094
2019-02-02 15:44:00,21876794.927,114963316.309,-1497.138,49.625,24247919.95,127423676.986,3483.052,37.406,20505815.221,107758796.049,1180.239,50.094,20768145.409,109137331.744,-1621.475,50.094
2019-02-02 15:44:01,21877079.893,114964813.669,-1497.564,49.656,24247256.991,127420194.023,3483.051,37.375,20505590.649,107757616.154,1179.611,50.156,20768454.005,109138953.412,-1621.824,50.062
2019-02-02 15:44:02,21877364.888,114966311.438,-1497.973,49.781,24246594.556,127416711.051,3483.195,37.469,20505366.22,107756436.829,1179.087,50.188,20768762.71,109140575.401,-1622.156,50.125
2019-02-02 15:44:03,21877649.999,114967809.625,-1498.397,49.875,24245931.712,127413228.072,3482.866,37.438,20505141.908,107755258.057,1178.502,50.219,20769071.405,109142197.699,-1622.432,50.156
2019-02-02 15:44:04,21877935.176,114969308.219,-1498.828,49.875,24245268.96,127409745.053,3482.937,37.531,20504917.734,107754079.83,1177.935,50.219,20769380.165,109143820.306,-1622.756,50.25
2019-02-02 15:44:05,21878220.432,114970807.226,-1499.182,49.781,24244606.088,127406262.007,3483.248,37.594,20504693.602,107752902.172,1177.427,50.188,20769688.997,109145443.232,-1623.088,50.25
2019-02-02 15:44:06,21878505.804,114972306.669,-1499.702,49.781,24243943.496,127402778.994,3483.003,37.594,20504469.591,107751725.093,1176.723,50.188,20769997.864,109147066.496,-1623.469,50.219
2019-02-02 15:44:07,21878791.242,114973806.551,-1500.101,49.688,24243280.458,127399295.984,3482.99,37.656,20504245.76,107750548.589,1176.22,50.094,20770306.835,109148690.101,-1623.78,50.281
2019-02-02 15:44:08,21879076.751,114975306.88,-1500.493,49.719,24242617.62,127395812.983,3483.059,37.594,20504022.013,107749372.687,1175.691,50.125,20770615.899,109150314.056,-1624.122,50.188
2019-02-02 15:44:09,21879362.347,114976807.496,-1500.807,49.625,24241954.861,127392329.856,3483.067,37.688,20503798.322,107748197.228,1175.141,50.094,20770924.987,109151938.206,-1624.292,50.25
2019-02-02 15:44:10,21879648.024,114978308.581,-1501.353,49.656,24241292.164,127388846.741,3483.281,37.531,20503574.77,107747022.368,1174.537,50.156,20771234.084,109153562.721,-1624.738,50.25
2019-02-02 15:44:11,21879933.709,114979810.086,-1501.711,49.625,24240629.523,127385363.656,3483.111,37.938,20503351.338,107745848.088,1173.977,50.094,20771543.275,109155187.571,-1625.023,50.25
2019-02-02 15:44:12,21880219.511,114981312.014,-1502.139,49.625,24239966.731,127381880.548,3483.124,37.719,20503128.03,107744674.365,1173.452,50.062,20771852.567,109156812.729,-1625.309,50.219
2019-02-02 15:44:13,21880505.416,114982814.346,-1502.558,49.562,24239303.668,127378397.447,3483.052,37.812,20502904.796,107743501.2,1172.878,50.031,20772161.89,109158438.207,-1625.666,50.156
2019-02-02 15:44:14,21880791.345,114984317.157,-1503.05,49.5,24238641.118,127374914.384,3483.007,37.875,20502681.685,107742328.656,1172.268,50.062,20772471.26,109160064.065,-1626.053,50.125
2019-02-02 15:44:15,21881077.369,114985820.377,-1503.35,49.531,24237978.412,127371431.302,3482.984,37.844,20502458.62,107741156.671,1171.745,50.094,20772780.725,109161690.232,-1626.31,50.156
2019-02-02 15:44:16,21881363.468,114987323.936,-1503.775,49.438,24237315.517,127367948.119,3483.26,38.094,20502235.695,107739985.168,1171.238,50.062,20773090.218,109163316.643,-1626.575,50.188
2019-02-02 15:44:17,21881649.704,114988827.924,-1504.182,49.469,24236652.466,127364464.967,3483.023,38.062,20502012.829,107738814.251,1170.596,50.156,20773399.776,109164943.387,-1626.86,50.188
2019-02-02 15:44:18,21881935.941,114990332.336,-1504.633,49.531,24235989.619,127360981.797,3483.132,38.031,20501790.14,107737643.9,1170.044,50.188,20773709.448,109166570.464,-1627.287,50.156
2019-02-02 15:44:19,21882222.284,114991837.193,-1505.086,49.562,24235326.911,127357498.662,3483.154,37.938,20501567.582,107736474.153,1169.421,50.125,20774019.151,109168197.886,-1627.567,50.219
2019-02-02 15:44:20,21882508.687,114993342.483,-1505.45,49.594,24234663.768,127354015.517,3483.388,38.031,20501345.047,107735304.983,1168.919,50.219,20774328.902,109169825.647,-1627.843,50.219
2019-02-02 15:44:21,21882795.123,114994848.104,-1505.805,49.625,24234001.208,127350532.288,3483.258,38.281,20501122.628,107734136.294,1168.411,50.188,20774638.677,109171453.639,-1628.078,50.219
2019-02-02 15:44:22,21883081.756,114996354.109,-1506.241,49.562,24233338.504,127347049.003,3483.38,38.0,20500900.327,107732968.137,1167.876,50.125,20774948.573,109173081.92,-1628.446,50.219
2019-02-02 15:44:23,21883368.419,114997860.581,-1506.698,49.594,24232675.544,127343565.802,3483.187,38.062,20500678.104,107731800.6,1167.22,50.188,20775258.44,109174710.566,-1628.835,50.156
2019-02-02 15:44:24,21883655.233,114999367.546,-1507.187,49.438,24232012.712,127340082.626,3483.26,38.219,20500456.026,107730633.699,1166.58,50.062,20775568.43,109176339.604,-1629.232,50.219
2019-02-02 15:44:25,21883942.098,115000874.924,-1507.535,49.5,24231349.829,127336599.485,3482.945,38.281,20500234.098,107729467.368,1166.055,50.062,20775878.482,109177968.968,-1629.536,50.156
2019-02-02 15:44:26,21884229.055,115002382.674,-1507.938,49.469,24230686.89,127333116.251,3483.218,38.25,20500012.264,107728301.551,1165.566,50.031,20776188.591,109179598.599,-1629.758,50.156
2019-02-02 15:44:27,21884516.125,115003890.823,-1508.371,49.5,24230023.907,127329632.993,3483.325,38.344,20499790.477,107727136.292,1164.94,50.094,20776498.806,109181228.54,-1630.109,50.125
2019-02-02 15:44:28,21884803.231,115005399.372,-1508.665,49.438,24229361.092,127326149.742,3483.222,38.406,20499568.857,107725971.579,1164.429,50.094,20776809.038,109182858.784,-1630.372,50.188
2019-02-02 15:44:29,21885090.399,115006908.271,-1509.065,49.312,24228698.378,127322666.402,3483.515,38.438,20499347.31,107724807.364,1163.968,50.031,20777119.335,109184489.273,-1630.649,50.188
2019-02-02 15:44:30,21885377.611,115008417.606,-1509.537,49.375,24228035.285,127319183.092,3483.358,38.375,20499125.905,107723643.741,1163.268,50.094,20777429.686,109186120.109,-1631.035,50.094
2019-02-02 15:44:31,21885664.95,115009927.446,-1510.081,49.25,24227372.498,127315699.852,3483.302,38.5,20498904.571,107722480.769,1162.607,50.125,20777740.119,109187751.347,-1631.476,50.156
2019-02-02 15:44:32,21885952.323,115011437.693,-1510.432,49.344,24226709.909,127312216.625,3483.333,38.406,20498683.386,107721318.374,1162.113,50.156,20778050.643,109189382.909,-1631.68,50.188
2019-02-02 15:44:33,21886239.743,115012948.332,-1510.826,49.375,24226046.962,127308733.359,3483.218,38.531,20498462.284,107720156.528,1161.578,50.125,20778361.08,109191014.769,-1632.015,50.281
2019-02-02 15:44:34,21886527.238,115014459.336,-1511.229,49.375,24225384.002,127305250.032,3483.238,38.5,20498241.318,107718995.186,1161.051,50.156,20778671.638,109192646.891,-1632.279,50.312
2019-02-02 15:44:35,21886814.885,115015970.771,-1511.66,49.5,24224721.145,127301766.723,3483.292,38.594,20498020.415,107717834.437,1160.435,50.219,20778982.274,109194279.355,-1632.638,50.375
2019-02-02 15:44:36,21887102.622,115017482.66,-1512.116,49.625,24224058.087,127298283.447,3483.256,38.781,20497799.739,107716674.285,1159.835,50.25,20779292.908,109195912.174,-1633.011,50.438
2019-02-02 15:44:37,21887390.347,115018994.929,-1512.459,49.594,24223395.152,127294800.103,3483.5,38.656,20497579.142,107715514.663,1159.351,50.25,20779603.684,109197545.268,-1633.263,50.5
2019-02-02 15:44:38,21887678.201,115020507.591,-1512.89,49.562,24222732.428,127291316.767,3483.426,38.594,20497358.573,107714355.581,1158.785,50.25,20779914.559,109199178.664,-1633.536,50.469
2019-02-02 15:44:39,21887966.167,115022020.668,-1513.287,49.594,24222069.691,127287833.408,3483.17,38.812,20497138.139,107713197.063,1158.248,50.188,20780225.472,109200812.375,-1633.917,50.469
2019-02-02 15:44:40,21888254.174,115023534.227,-1513.796,49.562,24221406.927,127284350.089,3483.342,38.812,20496917.753,107712039.183,1157.578,50.219,20780536.467,109202446.473,-1634.292,50.469
2019-02-02 15:44:41,21888542.307,115025048.22,-1514.194,49.562,24220744.013,127280866.831,3483.144,38.844,20496697.509,107710881.886,1157.001,50.25,20780847.49,109204080.904,-1634.576,50.5
2019-02-02 15:44:42,21888830.468,115026562.607,-1514.56,49.531,24220081.348,127277383.526,3483.238,38.906,20496477.361,107709725.14,1156.52,50.219,20781158.582,109205715.637,-1634.815,50.438
2019-02-02 15:44:43,21889118.744,115028077.346,-1514.953,49.469,24219418.31,127273900.135,3483.324,38.75,20496257.333,107708568.904,1155.957,50.125,20781469.732,109207350.635,-1635.165,50.375
2019-02-02 15:44:44,21889407.011,115029592.465,-1515.291,49.562,24218755.478,127270416.723,3483.525,38.938,20496037.42,107707413.193,1155.471,50.188,20781780.89,109208985.913,-1635.436,50.375
2019-02-02 15:44:45,21889695.391,115031107.961,-1515.727,49.594,24218092.402,127266933.251,3483.4,38.969,20495817.516,107706258.009,1154.886,50.219,20782092.106,109210621.463,-1635.715,50.438
2019-02-02 15:44:46,21889983.861,115032623.912,-1516.212,49.562,24217429.488,127263449.816,3483.404,38.875,20495597.814,107705103.435,1154.235,50.219,20782403.391,109212257.378,-1636.133,50.344
2019-02-02 15:44:47,21890272.397,115034140.326,-1516.661,49.656,24216766.57,127259966.42,3483.529,39.125,20495378.236,107703949.476,1153.67,50.281,20782714.762,109213893.655,-1636.43,50.438
2019-02-02 15:44:48,21890561.01,115035657.123,-1516.964,49.625,24216103.872,127256483.016,3483.385,38.781,20495158.745,107702796.059,1153.174,50.25,20783026.179,109215530.226,-1636.69,50.375
2019-02-02 15:44:49,21890849.659,115037174.302,-1517.418,49.562,24215441.196,127252999.553,3483.538,38.812,20494939.427,107701643.17,1152.597,50.188,20783337.664,109217167.097,-1636.996,50.344
2019-02-02 15:44:50,21891138.414,115038691.924,-1517.842,49.625,24214778.196,127249516.147,3483.212,38.844,20494720.164,107700490.885,1151.979,50.188,20783649.198,109218804.332,-1637.447,50.312
2019-02-02 15:44:51,21891427.216,115040209.911,-1518.128,49.625,24214115.21,127246032.635,3483.434,39.062,20494501.002,107699339.105,1151.577,50.188,20783960.773,109220441.824,-1637.605,50.344
2019-02-02 15:44:52,21891716.117,115041728.356,-1518.784,49.5,24213452.434,127242549.178,3483.552,38.969,20494281.92,107698187.949,1150.744,50.125,20784272.444,109222079.682,-1638.186,50.344
2019-02-02 15:44:53,21892005.211,115043247.373,-1519.281,49.406,24212789.359,127239065.873,3483.55,38.75,20494063.003,107697037.515,1150.139,50.062,20784584.195,109223718.013,-1638.539,50.281
2019-02-02 15:44:54,21892294.434,115044766.73,-1519.476,49.438,24212126.451,127235582.539,3483.36,38.75,20493844.191,107695887.579,1149.729,50.062,20784895.988,109225356.592,-1638.667,50.281
2019-02-02 15:44:55,21892583.614,115046286.364,-1519.756,49.281,24211463.588,127232099.019,3483.669,38.844,20493625.405,107694738.074,1149.265,50.031,20785207.86,109226995.346,-1638.811,50.281
2019-02-02 15:44:56,21892872.892,115047806.37,-1520.283,49.25,24210800.929,127228615.466,3483.495,38.562,20493406.792,107693589.096,1148.609,50.031,20785519.761,109228634.384,-1639.26,50.188
2019-02-02 15:44:57,21893162.274,115049326.906,-1520.792,49.344,24210138.125,127225132.006,3483.644,38.719,20493188.271,107692440.795,1148.016,50.156,20785831.762,109230273.842,-1639.632,50.219
2019-02-02 15:44:58,21893451.675,115050847.815,-1521.027,49.281,24209475.354,127221648.53,3483.579,38.906,20492969.898,107691293.029,1147.576,50.125,20786143.786,109231913.582,-1639.851,50.312
2019-02-02 15:44:59,21893741.147,115052369.096,-1521.467,49.344,24208812.386,127218165.01,3483.534,39.156,20492751.557,107690145.795,1146.933,50.125,20786455.905,109233553.598,-1640.172,50.344
